0,0.76179,1.0502,1.3324,2.054,0.9299,1.3631,1.5347,1.448,2.2749,1.5121,1.7284,2.1315,1.3227,1.5201,1.9083,2.2659,1.0776,1.5953,2.0346,1.8203,2.1732,1.5611,1.5596,1.72,1.4293,2.0856,1.7979,1.9571,2.2788,1.8015,1.881,1.8612,1.9524,2.3154,1.9651,2.1509,2.3718,2.0153,2.2163,1.9076,2.2897,2.1067,2.0428,2.3002,2.1766,1.6408,2.2048,2.0937,2.2803,2.4467,1.8902,2.0495,2.3163,1.9526,1.9504,2.4077,2.334,2.5075,2.9359,1.5538,1.8198,2.3282,2.1943,2.6933,1.7508,2.1009,2.6184,2.4041,2.3402,2.1333,2.1991,2.1458,1.7289,2.4768,2.7258,2.4465,2.9733,3.0021,2.7615,2.9634,1.6938,2.6164,3.0995,1.8808,2.6727,2.4455,2.0905,2.8644,3.0028,2.7473,2.092,2.5853,-3.0704,-2.5287,1.5847,2.2308,2.8004,2.6148,2.7014,2.9557,-3.0068,2.7095,2.6769,2.6361,2.5263,2.7106,2.9939,-3.1334,2.7319,3.0628,-3.141,-3.104,2.7798,-2.8354,3.0294,-2.9749,3.0037,2.7931,3.1379,2.8541,-3.038,2.8705,-3.1256,-2.8955,2.5598,3.1128,-3.088,3.1416,3.088,-3.1128,-2.5598,2.8955,3.1256,-2.8705,3.038,-2.8541,-3.1379,-2.7931,-3.0037,2.9749,-3.0294,2.8354,-2.7798,3.104,3.141,-3.0628,-2.7319,3.1334,-2.9939,-2.7106,-2.5263,-2.6361,-2.6769,-2.7095,3.0068,-2.9557,-2.7014,-2.6148,-2.8004,-2.2308,-1.5847,2.5287,3.0704,-2.5853,-2.092,-2.7473,-3.0028,-2.8644,-2.0905,-2.4455,-2.6727,-1.8808,-3.0995,-2.6164,-1.6938,-2.9634,-2.7615,-3.0021,-2.9733,-2.4465,-2.7258,-2.4768,-1.7289,-2.1458,-2.1991,-2.1333,-2.3402,-2.4041,-2.6184,-2.1009,-1.7508,-2.6933,-2.1943,-2.3282,-1.8198,-1.5538,-2.9359,-2.5075,-2.334,-2.4077,-1.9504,-1.9526,-2.3163,-2.0495,-1.8902,-2.4467,-2.2803,-2.0937,-2.2048,-1.6408,-2.1766,-2.3002,-2.0428,-2.1067,-2.2897,-1.9076,-2.2163,-2.0153,-2.3718,-2.1509,-1.9651,-2.3154,-1.9524,-1.8612,-1.881,-1.8015,-2.2788,-1.9571,-1.7979,-2.0856,-1.4293,-1.72,-1.5596,-1.5611,-2.1732,-1.8203,-2.0346,-1.5953,-1.0776,-2.2659,-1.9083,-1.5201,-1.3227,-2.1315,-1.7284,-1.5121,-2.2749,-1.448,-1.5347,-1.3631,-0.9299,-2.054,-1.3324,-1.0502,-0.76179
3.1416,-2.733,-1.1958,-2.7746,-1.6538,1.5261,-2.6225,-1.6923,-1.0302,-0.98537,-1.0455,-1.7629,-1.1984,-1.3375,-1.3355,-1.0175,-0.88341,-1.2482,-1.5581,-1.5934,-1.2306,-1.2906,-1.0807,-1.142,-1.3327,-1.3227,-1.231,-0.98462,-1.3042,-0.98646,-1.1775,-1.0419,-0.76905,-1.4648,-1.1969,-0.74855,-1.2729,-1.1235,-0.72423,-1.0208,-1.0243,-0.86605,-1.1703,-0.80819,-1.141,-1.1131,-1.0264,-0.86188,-1.0531,-0.8784,-0.8656,-0.88796,-0.8824,-0.8447,-1.1711,-0.88331,-0.78257,-1.0685,-0.62118,-1.1513,-0.6633,-0.80103,-0.69819,-0.7159,-0.78612,-0.74515,-0.42419,-0.81163,-0.61333,-0.67294,-0.74524,-0.63492,-0.67025,-0.44218,-0.45491,-1.0496,-0.66173,-0.89742,-0.69861,-0.45111,-0.44828,-0.64296,-0.18681,-0.68867,-0.47408,-0.42604,-0.51129,-0.56523,-0.69124,-0.55207,-0.33794,-0.59413,-0.74797,-0.35872,-0.3202,-0.3081,0.2707,-0.59299,-0.31141,-0.58744,-0.09375,0.14079,-0.48834,-0.31295,-0.21777,-0.27772,-0.29423,-0.17441,-0.41111,-0.42932,-0.068299,-0.21108,-0.15931,-0.35128,-0.057713,-0.37389,-0.21954,0.0084832,0.15838,0.046897,0.2331,-0.12537,0.020504,-0.36836,-0.14346,-0.013576,0.055095,0.087866,0,-0.087866,-0.055095,0.013576,0.14346,0.36836,-0.020504,0.12537,-0.2331,-0.046897,-0.15838,-0.0084832,0.21954,0.37389,0.057713,0.35128,0.15931,0.21108,0.068299,0.42932,0.41111,0.17441,0.29423,0.27772,0.21777,0.31295,0.48834,-0.14079,0.09375,0.58744,0.31141,0.59299,-0.2707,0.3081,0.3202,0.35872,0.74797,0.59413,0.33794,0.55207,0.69124,0.56523,0.51129,0.42604,0.47408,0.68867,0.18681,0.64296,0.44828,0.45111,0.69861,0.89742,0.66173,1.0496,0.45491,0.44218,0.67025,0.63492,0.74524,0.67294,0.61333,0.81163,0.42419,0.74515,0.78612,0.7159,0.69819,0.80103,0.6633,1.1513,0.62118,1.0685,0.78257,0.88331,1.1711,0.8447,0.8824,0.88796,0.8656,0.8784,1.0531,0.86188,1.0264,1.1131,1.141,0.80819,1.1703,0.86605,1.0243,1.0208,0.72423,1.1235,1.2729,0.74855,1.1969,1.4648,0.76905,1.0419,1.1775,0.98646,1.3042,0.98462,1.231,1.3227,1.3327,1.142,1.0807,1.2906,1.2306,1.5934,1.5581,1.2482,0.88341,1.0175,1.3355,1.3375,1.1984,1.7629,1.0455,0.98537,1.0302,1.6923,2.6225,-1.5261,1.6538,2.7746,1.1958,2.733
0,1.123,-2.8538,-0.84174,1.5578,-1.2342,1.8692,-0.57593,2.9153,3.0746,-1.2802,-1.0366,1.3236,-2.745,-1.453,0.88348,-2.1755,0.47177,-2.8551,-1.8881,1.176,-2.04,0.93135,-2.528,-1.4216,-2.9514,-0.81338,0.32401,-1.2932,-1.3201,0.40144,-1.9056,1.4797,-2.2574,-1.3997,-2.9399,-0.79783,0.84686,-1.0062,1.5222,2.9611,-2.6298,-2.9891,-1.9703,-0.16117,-0.70184,2.0855,0.072479,1.9967,-2.3956,-1.299,-0.027879,-1.9061,-0.25148,0.43923,-3.086,0.17829,-3.0913,-0.4509,2.0751,-1.8834,-0.43649,1.9399,-0.92651,0.88687,2.8764,-1.3425,-0.51095,0.98919,-2.8069,-1.5066,-0.51111,-1.4427,-2.5974,-1.0822,-1.1216,0.46375,1.0613,2.347,-2.3295,-1.5134,0.37236,-2.6769,-1.0402,0.10676,1.402,-0.539,1.6513,0.28424,2.6517,-1.2534,1.5041,-0.68132,1.7352,2.8998,-1.6468,1.1169,-0.99644,0.59606,1.2776,0.42521,-2.5315,0.36802,-2.0958,-0.46849,-2.4545,-1.766,-1.6912,-0.0099492,0.5797,-2.2969,-0.0038112,0.81898,-0.59297,2.363,-1.4961,0.50198,-0.11885,1.4987,1.0624,2.513,1.8946,-2.1336,1.8359,-0.56791,1.3896,-3.0243,-0.946,0,0.946,3.0243,-1.3896,0.56791,-1.8359,2.1336,-1.8946,-2.513,-1.0624,-1.4987,0.11885,-0.50198,1.4961,-2.363,0.59297,-0.81898,0.0038112,2.2969,-0.5797,0.0099492,1.6912,1.766,2.4545,0.46849,2.0958,-0.36802,2.5315,-0.42521,-1.2776,-0.59606,0.99644,-1.1169,1.6468,-2.8998,-1.7352,0.68132,-1.5041,1.2534,-2.6517,-0.28424,-1.6513,0.539,-1.402,-0.10676,1.0402,2.6769,-0.37236,1.5134,2.3295,-2.347,-1.0613,-0.46375,1.1216,1.0822,2.5974,1.4427,0.51111,1.5066,2.8069,-0.98919,0.51095,1.3425,-2.8764,-0.88687,0.92651,-1.9399,0.43649,1.8834,-2.0751,0.4509,3.0913,-0.17829,3.086,-0.43923,0.25148,1.9061,0.027879,1.299,2.3956,-1.9967,-0.072479,-2.0855,0.70184,0.16117,1.9703,2.9891,2.6298,-2.9611,-1.5222,1.0062,-0.84686,0.79783,2.9399,1.3997,2.2574,-1.4797,1.9056,-0.40144,1.3201,1.2932,-0.32401,0.81338,2.9514,1.4216,2.528,-0.93135,2.04,-1.176,1.8881,2.8551,-0.47177,2.1755,-0.88348,1.453,2.745,-1.3236,1.0366,1.2802,-3.0746,-2.9153,0.57593,-1.8692,1.2342,-1.5578,0.84174,2.8538,-1.123
0,-1.0429,1.7232,1.3205,2.5342,-2.3101,-0.31159,1.5608,-2.7049,-0.42262,1.568,-2.9083,-0.90113,0.98291,2.7487,-1.1736,0.95371,2.6614,-1.6828,0.66671,2.7068,-1.7038,0.24629,2.1781,-1.9694,0.051395,1.8093,-2.0194,0.26628,2.0364,-1.8498,0.36138,1.7293,2.8395,-0.30269,1.7074,-2.9078,-0.53241,1.5159,-2.8116,-0.25165,0.97514,1.5896,2.33,1.5602,2.1676,-2.6535,0.19884,2.1747,-2.9293,1.5788,1.2191,2.2604,-2.1404,1.0079,2.7283,-1.6531,0.55846,2.2419,-0.07719,1.0494,2.1674,-2.9413,0.68695,2.3908,-2.1007,0.474,2.4262,-2.4433,-0.62871,1.4465,2.7588,-1.0328,1.9173,-2.865,-1.0898,1.9805,-2.3686,-0.055747,2.4872,-2.5422,-1.0078,1.2079,-3.0594,-1.0414,1.6262,-2.6719,-0.89955,0.91011,-1.475,0.19717,1.3232,2.6365,-1.3885,1.2104,2.9793,-1.2253,1.134,-3.0703,-1.1898,0.50531,1.8365,-2.6326,0.12034,2.0204,-2.2854,0.5326,2.4206,-1.9483,1.0386,2.5669,-2.8354,-2.9236,2.3293,-2.6356,-0.90246,1.33,-2.717,0.7347,2.0981,-3.0727,1.8589,2.6895,3.0116,-2.4632,-1.1081,2.5353,-2.3246,0,2.3246,-2.5353,1.1081,2.4632,-3.0116,-2.6895,-1.8589,3.0727,-2.0981,-0.7347,2.717,-1.33,0.90246,2.6356,-2.3293,2.9236,2.8354,-2.5669,-1.0386,1.9483,-2.4206,-0.5326,2.2854,-2.0204,-0.12034,2.6326,-1.8365,-0.50531,1.1898,3.0703,-1.134,1.2253,-2.9793,-1.2104,1.3885,-2.6365,-1.3232,-0.19717,1.475,-0.91011,0.89955,2.6719,-1.6262,1.0414,3.0594,-1.2079,1.0078,2.5422,-2.4872,0.055747,2.3686,-1.9805,1.0898,2.865,-1.9173,1.0328,-2.7588,-1.4465,0.62871,2.4433,-2.4262,-0.474,2.1007,-2.3908,-0.68695,2.9413,-2.1674,-1.0494,0.07719,-2.2419,-0.55846,1.6531,-2.7283,-1.0079,2.1404,-2.2604,-1.2191,-1.5788,2.9293,-2.1747,-0.19884,2.6535,-2.1676,-1.5602,-2.33,-1.5896,-0.97514,0.25165,2.8116,-1.5159,0.53241,2.9078,-1.7074,0.30269,-2.8395,-1.7293,-0.36138,1.8498,-2.0364,-0.26628,2.0194,-1.8093,-0.051395,1.9694,-2.1781,-0.24629,1.7038,-2.7068,-0.66671,1.6828,-2.6614,-0.95371,1.1736,-2.7487,-0.98291,0.90113,2.9083,-1.568,0.42262,2.7049,-1.5608,0.31159,2.3101,-2.5342,-1.3205,-1.7232,1.0429
0,2.4724,1.6955,-2.6043,-2.1844,-0.39483,-1.4947,-3.1075,-2.8265,0.48136,-0.74947,-1.7817,-2.9688,1.1845,-1.0951,-1.1699,-1.6733,2.5646,0.50342,-1.1378,-1.0436,-2.2004,1.428,0.025303,0.046938,-1.7326,-0.15845,1.02,1.6615,-1.6884,-0.1922,-2.5463,0.38947,-0.60218,2.8627,-2.5542,-1.8497,-0.85604,-0.87249,-0.55298,-1.7674,-0.53984,0.37347,2.0789,-1.6266,-2.6335,-0.55189,0.78118,-2.869,-0.63237,1.068,2.3333,-2.5465,-1.8279,-2.7984,-2.4708,-1.1028,-0.92396,0.1352,-0.79507,0.15935,0.0038562,0.59565,0.87882,1.2183,1.6571,-2.4786,-1.0202,0.024632,0.52406,0.75675,-1.1972,0.12831,0.73134,1.4187,-1.1309,-1.0321,-0.052946,1.0554,0.21871,1.0126,1.307,1.9283,2.6941,-0.1245,0.80656,1.0398,-2.9263,2.2342,-2.2926,-1.08,-0.23143,0.82558,1.2541,2.2412,-2.2797,-0.63354,0.59529,0.81478,1.8673,-1.5879,1.2935,2.0419,2.8692,-1.9249,0.44885,2.9303,-2.8889,-2.7552,-2.0524,-0.78113,1.7737,-1.4423,-0.31822,-0.020471,0.45496,2.7679,-2.0692,-2.5913,-1.179,-1.5091,-0.26392,-2.7124,-1.8007,-1.6439,-1.4821,-0.46895,0.74164,0,-0.74164,0.46895,1.4821,1.6439,1.8007,2.7124,0.26392,1.5091,1.179,2.5913,2.0692,-2.7679,-0.45496,0.020471,0.31822,1.4423,-1.7737,0.78113,2.0524,2.7552,2.8889,-2.9303,-0.44885,1.9249,-2.8692,-2.0419,-1.2935,1.5879,-1.8673,-0.81478,-0.59529,0.63354,2.2797,-2.2412,-1.2541,-0.82558,0.23143,1.08,2.2926,-2.2342,2.9263,-1.0398,-0.80656,0.1245,-2.6941,-1.9283,-1.307,-1.0126,-0.21871,-1.0554,0.052946,1.0321,1.1309,-1.4187,-0.73134,-0.12831,1.1972,-0.75675,-0.52406,-0.024632,1.0202,2.4786,-1.6571,-1.2183,-0.87882,-0.59565,-0.0038562,-0.15935,0.79507,-0.1352,0.92396,1.1028,2.4708,2.7984,1.8279,2.5465,-2.3333,-1.068,0.63237,2.869,-0.78118,0.55189,2.6335,1.6266,-2.0789,-0.37347,0.53984,1.7674,0.55298,0.87249,0.85604,1.8497,2.5542,-2.8627,0.60218,-0.38947,2.5463,0.1922,1.6884,-1.6615,-1.02,0.15845,1.7326,-0.046938,-0.025303,-1.428,2.2004,1.0436,1.1378,-0.50342,-2.5646,1.6733,1.1699,1.0951,-1.1845,2.9688,1.7817,0.74947,-0.48136,2.8265,3.1075,1.4947,0.39483,2.1844,2.6043,-1.6955,-2.4724
0,2.7387,-2.7335,-0.69458,2.2879,1.4861,2.63,-2.9558,-2.4905,-1.4322,-1.802,-1.3188,-0.62809,-0.74102,0.56821,1.6489,2.7317,-2.2315,-1.232,-2.6498,-2.1747,-0.63406,1.5155,3.0716,-2.1104,-1.7492,-2.1347,-1.3649,-1.7547,-2.0484,-1.1367,0.99,-2.4943,-1.3924,-0.42226,0.73998,-2.8242,-1.2936,-0.12039,-2.9078,-1.3854,0.32933,-0.81563,3.1049,-0.59548,0.72152,-2.9951,-0.27089,0.82847,2.0735,-2.4329,-0.64529,-1.4679,-1.2737,0.14819,2.4971,-0.22182,0.25233,1.2857,-3.0183,-1.5453,-1.9296,-2.4084,-1.2749,0.062148,0.75077,1.8463,2.5822,-1.4904,0.090823,-0.99823,0.69905,-2.6701,-0.89701,0.59118,-3.1287,-1.4397,-0.39327,0.030423,0.40826,-0.053276,0.50225,0.75989,1.7716,0.53126,1.668,-2.9227,0.88494,1.8203,2.5549,-1.8245,0.4069,2.1135,-0.85288,2.0715,2.7693,-2.3805,-1.8357,2.333,-2.3963,-1.3676,-2.1187,-0.82857,-0.2301,1.8005,-3.0319,-2.2447,-1.8551,-0.36793,1.4949,-2.7727,-0.99173,0.65519,1.9976,2.9548,-2.6524,-1.9608,-1.7964,-1.301,-0.23906,2.7566,-2.069,-1.1729,-1.0695,-0.78824,-0.28501,0.084835,0.28457,0,-0.28457,-0.084835,0.28501,0.78824,1.0695,1.1729,2.069,-2.7566,0.23906,1.301,1.7964,1.9608,2.6524,-2.9548,-1.9976,-0.65519,0.99173,2.7727,-1.4949,0.36793,1.8551,2.2447,3.0319,-1.8005,0.2301,0.82857,2.1187,1.3676,2.3963,-2.333,1.8357,2.3805,-2.7693,-2.0715,0.85288,-2.1135,-0.4069,1.8245,-2.5549,-1.8203,-0.88494,2.9227,-1.668,-0.53126,-1.7716,-0.75989,-0.50225,0.053276,-0.40826,-0.030423,0.39327,1.4397,3.1287,-0.59118,0.89701,2.6701,-0.69905,0.99823,-0.090823,1.4904,-2.5822,-1.8463,-0.75077,-0.062148,1.2749,2.4084,1.9296,1.5453,3.0183,-1.2857,-0.25233,0.22182,-2.4971,-0.14819,1.2737,1.4679,0.64529,2.4329,-2.0735,-0.82847,0.27089,2.9951,-0.72152,0.59548,-3.1049,0.81563,-0.32933,1.3854,2.9078,0.12039,1.2936,2.8242,-0.73998,0.42226,1.3924,2.4943,-0.99,1.1367,2.0484,1.7547,1.3649,2.1347,1.7492,2.1104,-3.0716,-1.5155,0.63406,2.1747,2.6498,1.232,2.2315,-2.7317,-1.6489,-0.56821,0.74102,0.62809,1.3188,1.802,1.4322,2.4905,2.9558,-2.63,-1.4861,-2.2879,0.69458,2.7335,-2.7387
0,0.41523,2.2802,0.70367,1.5478,-1.1424,0.57559,0.72661,1.5956,2.4605,2.4147,2.0704,2.6165,2.6598,-0.67,1.6602,2.9073,-2.139,0.8274,2.3337,-3.0057,-2.9602,-1.7512,0.47437,1.6942,2.2259,2.9928,-2.2407,-0.65339,0.68248,1.24,0.76534,2.0782,1.6939,0.51967,2.2204,-2.9205,0.13094,2.5078,-2.3008,-1.4161,1.0964,-1.8418,-0.60063,0.33389,0.48373,0.82879,2.1402,-1.5262,0.09653,0.26813,1.6084,2.833,0.18429,1.6386,0.89764,1.8287,3.0768,0.79696,0.78535,0.35547,1.1943,2.2511,2.2817,1.4665,-2.9051,0.080692,1.2227,3.0803,0.90648,1.3402,1.7211,0.80506,1.3021,2.4843,2.3305,2.3683,-3.0606,-2.5848,-1.109,-2.1052,1.2664,-2.4221,0.68415,3.0197,-2.2125,-0.98676,0.66134,-2.9443,1.323,-1.668,0.077593,2.1768,-0.2952,1.2715,2.1948,-2.6863,0.77173,1.9532,1.4459,2.2122,1.6717,2.9299,-2.3968,0.56243,-2.6103,2.1173,-1.9935,-1.3162,1.2283,1.7097,-2.8836,-0.91249,1.8516,-2.2281,2.1906,2.3616,-1.9496,0.98682,2.4052,-2.8685,-2.0573,-0.21887,1.5566,2.7627,-1.785,0.88617,2.7961,3.1416,-2.7961,-0.88617,1.785,-2.7627,-1.5566,0.21887,2.0573,2.8685,-2.4052,-0.98682,1.9496,-2.3616,-2.1906,2.2281,-1.8516,0.91249,2.8836,-1.7097,-1.2283,1.3162,1.9935,-2.1173,2.6103,-0.56243,2.3968,-2.9299,-1.6717,-2.2122,-1.4459,-1.9532,-0.77173,2.6863,-2.1948,-1.2715,0.2952,-2.1768,-0.077593,1.668,-1.323,2.9443,-0.66134,0.98676,2.2125,-3.0197,-0.68415,2.4221,-1.2664,2.1052,1.109,2.5848,3.0606,-2.3683,-2.3305,-2.4843,-1.3021,-0.80506,-1.7211,-1.3402,-0.90648,-3.0803,-1.2227,-0.080692,2.9051,-1.4665,-2.2817,-2.2511,-1.1943,-0.35547,-0.78535,-0.79696,-3.0768,-1.8287,-0.89764,-1.6386,-0.18429,-2.833,-1.6084,-0.26813,-0.09653,1.5262,-2.1402,-0.82879,-0.48373,-0.33389,0.60063,1.8418,-1.0964,1.4161,2.3008,-2.5078,-0.13094,2.9205,-2.2204,-0.51967,-1.6939,-2.0782,-0.76534,-1.24,-0.68248,0.65339,2.2407,-2.9928,-2.2259,-1.6942,-0.47437,1.7512,2.9602,3.0057,-2.3337,-0.8274,2.139,-2.9073,-1.6602,0.67,-2.6598,-2.6165,-2.0704,-2.4147,-2.4605,-1.5956,-0.72661,-0.57559,1.1424,-1.5478,-0.70367,-2.2802,-0.41523
0,2.3243,0.81602,2.8302,-0.38749,1.9841,-2.2111,-2.3067,-0.38595,0.90939,1.6945,-3.1022,-1.3163,1.6876,-2.4826,-0.54145,0.14733,-0.092065,1.663,2.7289,0.76688,2.8119,-1.8891,-1.7373,-1.2982,-0.41287,0.4342,1.8997,1.3732,2.9873,-2.5249,-2.2473,3.0263,-2.0322,-0.61744,0.69747,-2.9956,-1.7048,-1.4226,-0.20987,0.67756,0.93906,2.2788,2.0515,-2.0966,0.0015142,1.5939,1.1413,1.7223,-0.3149,1.8742,2.3566,-2.0475,-0.32278,1.6677,-0.078462,1.4616,2.6448,-1.6226,-1.5481,1.183,2.7026,3.0539,0.064295,2.4322,-2.0607,-0.60716,2.0155,-2.7719,1.2388,2.6278,2.8108,-2.6441,-2.4118,-1.6502,-1.2739,1.2032,-1.5935,1.8904,-1.5196,1.6968,-1.895,0.073394,1.9113,-2.4737,-2.7794,1.8392,-2.6799,-1.2712,0.68476,0.61211,1.7695,-3.0734,-1.5159,0.16883,0.68463,0.61381,0.13146,1.1898,2.3991,2.99,3.0113,2.1565,-2.7581,2.3341,3.0755,-2.0274,-0.82247,0.98391,2.1527,-2.8972,-2.006,-1.1457,-0.30842,0.2834,-1.1393,-0.21468,0.96065,2.3876,-2.3827,-0.58524,1.5935,2.5227,-2.3302,-1.2148,2.2046,-1.714,-0.33194,0,0.33194,1.714,-2.2046,1.2148,2.3302,-2.5227,-1.5935,0.58524,2.3827,-2.3876,-0.96065,0.21468,1.1393,-0.2834,0.30842,1.1457,2.006,2.8972,-2.1527,-0.98391,0.82247,2.0274,-3.0755,-2.3341,2.7581,-2.1565,-3.0113,-2.99,-2.3991,-1.1898,-0.13146,-0.61381,-0.68463,-0.16883,1.5159,3.0734,-1.7695,-0.61211,-0.68476,1.2712,2.6799,-1.8392,2.7794,2.4737,-1.9113,-0.073394,1.895,-1.6968,1.5196,-1.8904,1.5935,-1.2032,1.2739,1.6502,2.4118,2.6441,-2.8108,-2.6278,-1.2388,2.7719,-2.0155,0.60716,2.0607,-2.4322,-0.064295,-3.0539,-2.7026,-1.183,1.5481,1.6226,-2.6448,-1.4616,0.078462,-1.6677,0.32278,2.0475,-2.3566,-1.8742,0.3149,-1.7223,-1.1413,-1.5939,-0.0015142,2.0966,-2.0515,-2.2788,-0.93906,-0.67756,0.20987,1.4226,1.7048,2.9956,-0.69747,0.61744,2.0322,-3.0263,2.2473,2.5249,-2.9873,-1.3732,-1.8997,-0.4342,0.41287,1.2982,1.7373,1.8891,-2.8119,-0.76688,-2.7289,-1.663,0.092065,-0.14733,0.54145,2.4826,-1.6876,1.3163,3.1022,-1.6945,-0.90939,0.38595,2.3067,2.2111,-1.9841,0.38749,-2.8302,-0.81602,-2.3243
3.1416,-0.86837,1.1638,-1.4077,1.0282,2.5889,-2.5418,1.0006,-2.3593,-0.8383,-2.561,-2.2047,-2.7497,-1.7702,-2.2288,-1.0097,1.1278,2.9159,-1.7083,2.3708,-2.4503,-1.6942,-0.4081,2.7792,-1.1231,0.23747,2.4829,-1.0641,2.3127,-1.9528,3.0745,-2.3899,-1.7674,2.9041,-1.3112,0.74364,2.1121,-3.1106,-1.6863,1.305,-2.6594,-2.6967,-1.3632,-0.34525,2.1853,-0.68848,-2.6851,-2.1246,-0.94018,1.1686,-1.5619,1.9795,-2.5978,-0.9425,2.5531,-1.8493,2.8995,-2.5496,-2.0797,-1.8775,-1.0948,-0.75806,-0.34305,2.0906,-1.8407,-0.10179,1.4561,2.9565,-2.4259,-1.671,-2.8704,-1.2397,1.0564,2.5394,-2.9366,-1.8316,-1.353,-0.71591,1.5137,-2.5063,-1.3796,-0.3859,1.5825,1.8404,-2.1105,0.11434,2.1905,-2.9638,-1.1728,-3.1095,-2.9919,-0.98737,3.1007,3.0649,-1.5702,-0.81328,2.7007,-1.9138,-0.58886,-0.85072,-0.41587,0.035944,1.0318,2.0237,0.87878,1.526,1.9816,2.1042,-2.9095,-3.1035,-0.27906,-1.5243,1.8651,0.1249,-2.6711,-0.5458,2.8089,-1.0949,-0.034995,-3.0457,-1.1881,-1.2298,-0.83275,0.96691,0.20637,2.741,-0.9475,1.5808,3.1416,-1.5808,0.9475,-2.741,-0.20637,-0.96691,0.83275,1.2298,1.1881,3.0457,0.034995,1.0949,-2.8089,0.5458,2.6711,-0.1249,-1.8651,1.5243,0.27906,3.1035,2.9095,-2.1042,-1.9816,-1.526,-0.87878,-2.0237,-1.0318,-0.035944,0.41587,0.85072,0.58886,1.9138,-2.7007,0.81328,1.5702,-3.0649,-3.1007,0.98737,2.9919,3.1095,1.1728,2.9638,-2.1905,-0.11434,2.1105,-1.8404,-1.5825,0.3859,1.3796,2.5063,-1.5137,0.71591,1.353,1.8316,2.9366,-2.5394,-1.0564,1.2397,2.8704,1.671,2.4259,-2.9565,-1.4561,0.10179,1.8407,-2.0906,0.34305,0.75806,1.0948,1.8775,2.0797,2.5496,-2.8995,1.8493,-2.5531,0.9425,2.5978,-1.9795,1.5619,-1.1686,0.94018,2.1246,2.6851,0.68848,-2.1853,0.34525,1.3632,2.6967,2.6594,-1.305,1.6863,3.1106,-2.1121,-0.74364,1.3112,-2.9041,1.7674,2.3899,-3.0745,1.9528,-2.3127,1.0641,-2.4829,-0.23747,1.1231,-2.7792,0.4081,1.6942,2.4503,-2.3708,1.7083,-2.9159,-1.1278,1.0097,2.2288,1.7702,2.7497,2.2047,2.561,0.8383,2.3593,-1.0006,2.5418,-2.5889,-1.0282,1.4077,-1.1638,0.86837
0,1.9795,2.5639,-2.5395,-1.5653,-1.39,0.053276,0.0014742,1.5823,2.7314,-2.9899,-2.261,-1.7389,-1.0608,0.34549,-0.22069,-2.5176,-2.1496,-0.78831,1.1529,3.0011,-1.5051,1.2222,-2.3272,0.10524,3.0063,-1.8455,1.3833,-2.8103,-0.73817,1.1942,1.105,2.2717,3.0308,-2.0026,-3.1392,-2.8861,-1.6513,-0.49559,3.0184,-0.9998,-0.61934,-1.3256,0.97521,3.0102,-2.9207,-2.4208,-0.90268,2.5624,-2.0148,-2.273,-0.79293,0.16358,-3.0938,-2.4419,-1.5492,-0.72471,0.089304,-1.5494,-2.402,-0.99557,-1.6958,-0.4439,-0.61898,-0.1542,0.89512,0.67491,-0.79542,0.60418,1.8229,2.8944,1.9527,-2.6334,-1.9125,2.2992,-1.1436,0.14165,0.66467,-1.7307,2.8143,-2.9199,0.047263,-2.6967,0.10038,2.6881,-0.83183,-2.921,2.9955,-1.899,-0.46969,2.84,-0.96358,0.81363,0.56461,-0.47785,3.114,-0.10065,1.8003,-1.6599,1.5098,-1.8822,2.4411,-0.29723,2.361,-1.9817,-0.69527,-0.035517,-0.91926,-0.2333,-0.33911,1.0012,1.5364,1.7879,0.47134,1.4168,2.9375,-1.6164,0.5133,2.2734,-2.7044,-1.279,-1.7447,0.76221,-2.8531,-1.3744,-0.034981,0.69325,2.2345,3.1416,-2.2345,-0.69325,0.034981,1.3744,2.8531,-0.76221,1.7447,1.279,2.7044,-2.2734,-0.5133,1.6164,-2.9375,-1.4168,-0.47134,-1.7879,-1.5364,-1.0012,0.33911,0.2333,0.91926,0.035517,0.69527,1.9817,-2.361,0.29723,-2.4411,1.8822,-1.5098,1.6599,-1.8003,0.10065,-3.114,0.47785,-0.56461,-0.81363,0.96358,-2.84,0.46969,1.899,-2.9955,2.921,0.83183,-2.6881,-0.10038,2.6967,-0.047263,2.9199,-2.8143,1.7307,-0.66467,-0.14165,1.1436,-2.2992,1.9125,2.6334,-1.9527,-2.8944,-1.8229,-0.60418,0.79542,-0.67491,-0.89512,0.1542,0.61898,0.4439,1.6958,0.99557,2.402,1.5494,-0.089304,0.72471,1.5492,2.4419,3.0938,-0.16358,0.79293,2.273,2.0148,-2.5624,0.90268,2.4208,2.9207,-3.0102,-0.97521,1.3256,0.61934,0.9998,-3.0184,0.49559,1.6513,2.8861,3.1392,2.0026,-3.0308,-2.2717,-1.105,-1.1942,0.73817,2.8103,-1.3833,1.8455,-3.0063,-0.10524,2.3272,-1.2222,1.5051,-3.0011,-1.1529,0.78831,2.1496,2.5176,0.22069,-0.34549,1.0608,1.7389,2.261,2.9899,-2.7314,-1.5823,-0.0014742,-0.053276,1.39,1.5653,2.5395,-2.5639,-1.9795
0,1.5743,2.799,0.7891,2.8741,2.6391,-1.821,1.7213,-1.0624,-2.4949,-1.6997,-0.45411,2.9042,-0.97695,2.2433,-1.41,0.05138,-0.14078,1.6377,1.7445,2.328,-2.77,-1.9174,-2.8713,-1.6487,2.9852,-1.9866,-0.80815,-0.29021,-3.0816,-2.1949,-2.8358,-3.0124,-1.4597,-2.9689,-1.896,-1.0758,-0.19429,-0.86211,0.97418,-2.7196,0.70304,-2.3956,1.1981,2.9504,-1.6469,1.3104,-1.9316,-0.26693,2.8068,2.878,-2.1731,-1.1324,2.4768,-1.4921,-2.2104,-0.26326,-1.9072,-0.34554,2.1506,-1.4588,2.5791,-0.16485,-3.096,-0.97996,-2.5064,-1.4482,-2.2022,-0.1505,-2.3532,-0.45271,0.46513,1.656,0.33751,2.8805,-1.6015,-0.64487,1.2167,-2.6181,-1.4776,0.25451,2.8979,-1.5377,-0.39824,-1.4621,0.69344,-2.6299,-1.8553,-1.3521,-0.96945,0.46922,2.4668,-1.7375,-0.65325,0.54437,1.0371,1.3331,-2.6654,-0.94922,1.8694,-2.523,-0.27281,-2.2821,-1.4046,2.2332,0.072234,1.3277,2.4396,-2.1103,1.3811,-1.3833,1.5719,-1.6578,0.82233,-2.8428,-3.1062,0.45593,1.9828,-2.3405,2.0664,-2.4593,-1.8364,-3.1137,-1.2165,0.48963,-1.9634,0.007098,-1.0745,0,1.0745,-0.007098,1.9634,-0.48963,1.2165,3.1137,1.8364,2.4593,-2.0664,2.3405,-1.9828,-0.45593,3.1062,2.8428,-0.82233,1.6578,-1.5719,1.3833,-1.3811,2.1103,-2.4396,-1.3277,-0.072234,-2.2332,1.4046,2.2821,0.27281,2.523,-1.8694,0.94922,2.6654,-1.3331,-1.0371,-0.54437,0.65325,1.7375,-2.4668,-0.46922,0.96945,1.3521,1.8553,2.6299,-0.69344,1.4621,0.39824,1.5377,-2.8979,-0.25451,1.4776,2.6181,-1.2167,0.64487,1.6015,-2.8805,-0.33751,-1.656,-0.46513,0.45271,2.3532,0.1505,2.2022,1.4482,2.5064,0.97996,3.096,0.16485,-2.5791,1.4588,-2.1506,0.34554,1.9072,0.26326,2.2104,1.4921,-2.4768,1.1324,2.1731,-2.878,-2.8068,0.26693,1.9316,-1.3104,1.6469,-2.9504,-1.1981,2.3956,-0.70304,2.7196,-0.97418,0.86211,0.19429,1.0758,1.896,2.9689,1.4597,3.0124,2.8358,2.1949,3.0816,0.29021,0.80815,1.9866,-2.9852,1.6487,2.8713,1.9174,2.77,-2.328,-1.7445,-1.6377,0.14078,-0.05138,1.41,-2.2433,0.97695,-2.9042,0.45411,1.6997,2.4949,1.0624,-1.7213,1.821,-2.6391,-2.8741,-0.7891,-2.799,-1.5743
3.1416,-0.4928,1.6898,-1.8966,1.1735,-3.1108,-2.5882,-2.1797,-1.6034,-0.82868,0.73541,2.3261,-0.79633,0.80957,1.7065,1.7183,3.1039,1.3845,-3.0236,-2.2981,-1.2312,1.0303,-1.5107,-0.26213,0.93223,0.0015636,0.047085,2.0328,1.0985,2.5434,-1.1369,1.4565,-3.0995,-1.9667,-1.9547,0.62978,-1.8736,1.3369,-1.7742,-2.318,-0.22039,0.8438,1.9971,-2.3951,1.0258,-2.2936,2.0624,-2.5288,-1.332,-0.12514,0.10363,1.1784,1.3161,2.0268,1.213,2.6749,-2.4986,-0.86735,1.0751,1.5422,1.9995,0.78638,1.6778,2.6142,-2.6107,-3.0434,-1.6204,0.25856,2.1552,-1.5575,-0.90163,2.0709,-1.2378,0.82836,1.4744,-2.104,-1.3189,1.3088,2.3179,-1.3222,-0.45438,1.5653,2.5412,-1.6815,-0.89798,1.088,-2.8887,-1.7669,0.19875,-2.8576,1.2299,1.2617,-3.1116,-1.5939,0.83846,-2.864,0.64864,1.9139,-2.0118,1.0067,-2.7259,1.947,-2.4092,-0.49781,-1.7369,0.62837,-0.00341,2.6336,-2.6995,-0.25493,1.9006,-2.4994,1.7795,1.1075,-0.43587,-1.5179,0.57436,0.88745,0.95341,2.4631,-1.4894,2.4119,-2.1817,-1.376,-1.7508,-2.0516,-0.62275,-1.629,0,1.629,0.62275,2.0516,1.7508,1.376,2.1817,-2.4119,1.4894,-2.4631,-0.95341,-0.88745,-0.57436,1.5179,0.43587,-1.1075,-1.7795,2.4994,-1.9006,0.25493,2.6995,-2.6336,0.00341,-0.62837,1.7369,0.49781,2.4092,-1.947,2.7259,-1.0067,2.0118,-1.9139,-0.64864,2.864,-0.83846,1.5939,3.1116,-1.2617,-1.2299,2.8576,-0.19875,1.7669,2.8887,-1.088,0.89798,1.6815,-2.5412,-1.5653,0.45438,1.3222,-2.3179,-1.3088,1.3189,2.104,-1.4744,-0.82836,1.2378,-2.0709,0.90163,1.5575,-2.1552,-0.25856,1.6204,3.0434,2.6107,-2.6142,-1.6778,-0.78638,-1.9995,-1.5422,-1.0751,0.86735,2.4986,-2.6749,-1.213,-2.0268,-1.3161,-1.1784,-0.10363,0.12514,1.332,2.5288,-2.0624,2.2936,-1.0258,2.3951,-1.9971,-0.8438,0.22039,2.318,1.7742,-1.3369,1.8736,-0.62978,1.9547,1.9667,3.0995,-1.4565,1.1369,-2.5434,-1.0985,-2.0328,-0.047085,-0.0015636,-0.93223,0.26213,1.5107,-1.0303,1.2312,2.2981,3.0236,-1.3845,-3.1039,-1.7183,-1.7065,-0.80957,0.79633,-2.3261,-0.73541,0.82868,1.6034,2.1797,2.5882,3.1108,-1.1735,1.8966,-1.6898,0.4928
0,-2.9033,-0.45209,1.1457,2.5493,-0.98663,2.1563,0.95472,2.8461,-2.5456,-1.6286,1.789,-2.525,-0.61172,0.24978,0.83628,1.5011,2.896,-1.1785,-2.353,0.98798,-1.567,1.9144,-2.3878,-0.62574,-3.1331,2.4358,-1.7342,-0.90176,-0.22953,-1.0657,-0.13842,-3.0473,0.12027,2.6275,-2.8656,-1.048,0.52608,-1.0385,0.61379,1.7642,1.9412,2.4939,-2.7809,-1.2703,0.65155,1.1713,-0.22712,1.9513,-1.6369,2.263,2.1111,-2.3746,-0.04915,2.1761,1.7111,2.0438,-1.8562,1.3972,-2.9606,0.59297,2.1572,-3.1335,-0.77292,-2.9181,0.8002,-2.402,2.8607,0.71979,2.7038,-2.1703,-2.7185,-1.9,-0.16711,-2.3115,-0.95305,0.47525,0.03036,1.2874,-3.074,-1.933,-0.18546,-1.0513,-0.29315,1.4456,-2.6857,-0.16918,2.1192,2.4368,-2.4072,-2.8885,-1.0977,-1.6535,-0.04244,1.5,-2.3199,-0.27836,1.8161,-1.9237,0.9329,-3.1404,-1.1295,2.3962,-0.48518,-1.6077,0.40861,1.9778,-2.3882,0.73492,2.1503,-0.365,2.409,-2.4446,-1.0276,1.0888,-3.1009,-2.77,-1.4492,-1.7062,0.54228,-1.0544,0.81212,-1.2535,2.5576,-0.24734,2.0812,-0.60938,1.8707,3.1416,-1.8707,0.60938,-2.0812,0.24734,-2.5576,1.2535,-0.81212,1.0544,-0.54228,1.7062,1.4492,2.77,3.1009,-1.0888,1.0276,2.4446,-2.409,0.365,-2.1503,-0.73492,2.3882,-1.9778,-0.40861,1.6077,0.48518,-2.3962,1.1295,3.1404,-0.9329,1.9237,-1.8161,0.27836,2.3199,-1.5,0.04244,1.6535,1.0977,2.8885,2.4072,-2.4368,-2.1192,0.16918,2.6857,-1.4456,0.29315,1.0513,0.18546,1.933,3.074,-1.2874,-0.03036,-0.47525,0.95305,2.3115,0.16711,1.9,2.7185,2.1703,-2.7038,-0.71979,-2.8607,2.402,-0.8002,2.9181,0.77292,3.1335,-2.1572,-0.59297,2.9606,-1.3972,1.8562,-2.0438,-1.7111,-2.1761,0.04915,2.3746,-2.1111,-2.263,1.6369,-1.9513,0.22712,-1.1713,-0.65155,1.2703,2.7809,-2.4939,-1.9412,-1.7642,-0.61379,1.0385,-0.52608,1.048,2.8656,-2.6275,-0.12027,3.0473,0.13842,1.0657,0.22953,0.90176,1.7342,-2.4358,3.1331,0.62574,2.3878,-1.9144,1.567,-0.98798,2.353,1.1785,-2.896,-1.5011,-0.83628,-0.24978,0.61172,2.525,-1.789,1.6286,2.5456,-2.8461,-0.95472,-2.1563,0.98663,-2.5493,-1.1457,0.45209,2.9033
0,2.4074,-2.0234,-1.5008,0.53738,-2.7386,-0.77596,-1.9453,0.3646,-0.21239,-2.6359,-0.75064,0.36648,0.14916,2.0827,1.9722,-1.9536,-2.664,0.15351,2.2401,-1.294,2.0605,-1.218,1.2583,2.2796,1.5399,-3.1331,-1.4716,0.59798,2.5892,-1.9247,-2.2026,1.0206,-2.953,0.91494,2.2796,-1.0724,1.8918,1.0879,2.8675,-0.7076,2.2931,-2.9267,-1.5688,-1.8958,0.45005,2.3726,1.2308,-0.17426,2.8023,-1.6341,1.4578,0.14994,-1.3446,-3.0339,0.21203,1.513,3.0106,-2.0819,0.52445,2.9343,-0.40816,-1.7892,0.55851,1.6807,1.1704,1.7765,1.6743,2.9697,-1.381,2.9417,-0.87963,2.8974,-0.4095,2.1069,-1.4397,-0.10468,1.9095,-1.5485,-2.677,0.18099,1.8996,-2.8184,-0.4776,-2.7921,1.4566,2.132,2.5962,-1.6661,0.4956,2.1629,2.102,0.58566,2.9658,2.259,0.87849,1.5807,-2.4803,-1.3809,-1.266,0.77466,1.8388,-2.1043,0.25286,2.0843,3.036,-0.74948,-0.12006,1.325,2.3514,2.9431,-3.1169,-0.4675,-0.83775,1.3187,2.8493,-1.3391,0.0039215,1.7748,-2.2589,-0.11759,-0.33509,1.5203,1.411,2.3932,-2.0671,-0.49427,-0.95783,0,0.95783,0.49427,2.0671,-2.3932,-1.411,-1.5203,0.33509,0.11759,2.2589,-1.7748,-0.0039215,1.3391,-2.8493,-1.3187,0.83775,0.4675,3.1169,-2.9431,-2.3514,-1.325,0.12006,0.74948,-3.036,-2.0843,-0.25286,2.1043,-1.8388,-0.77466,1.266,1.3809,2.4803,-1.5807,-0.87849,-2.259,-2.9658,-0.58566,-2.102,-2.1629,-0.4956,1.6661,-2.5962,-2.132,-1.4566,2.7921,0.4776,2.8184,-1.8996,-0.18099,2.677,1.5485,-1.9095,0.10468,1.4397,-2.1069,0.4095,-2.8974,0.87963,-2.9417,1.381,-2.9697,-1.6743,-1.7765,-1.1704,-1.6807,-0.55851,1.7892,0.40816,-2.9343,-0.52445,2.0819,-3.0106,-1.513,-0.21203,3.0339,1.3446,-0.14994,-1.4578,1.6341,-2.8023,0.17426,-1.2308,-2.3726,-0.45005,1.8958,1.5688,2.9267,-2.2931,0.7076,-2.8675,-1.0879,-1.8918,1.0724,-2.2796,-0.91494,2.953,-1.0206,2.2026,1.9247,-2.5892,-0.59798,1.4716,3.1331,-1.5399,-2.2796,-1.2583,1.218,-2.0605,1.294,-2.2401,-0.15351,2.664,1.9536,-1.9722,-2.0827,-0.14916,-0.36648,0.75064,2.6359,0.21239,-0.3646,1.9453,0.77596,2.7386,-0.53738,1.5008,2.0234,-2.4074
3.1416,3.0335,-2.689,-2.8873,-2.2846,-1.903,-1.9484,-1.6524,-1.1081,-0.60942,-0.2214,-0.13587,-0.16885,0.74522,1.2794,0.58859,0.88136,1.4753,1.2702,1.2568,1.3408,1.311,1.6069,0.94584,1.8315,1.0512,1.6241,1.5094,1.4566,1.5592,1.8978,1.8975,1.6245,1.7374,1.835,2.1017,1.6262,1.6542,1.8172,1.6068,1.6793,1.9854,1.8476,1.6542,1.8835,1.8235,1.9614,1.9072,1.9641,2.1052,1.7883,2.2284,2.0354,2.2216,1.9924,2.13,2.3713,2.0965,2.4411,2.0199,1.6384,2.3744,2.9733,2.8427,1.8912,2.344,2.5058,-0.46334,2.3583,0.042593,2.1055,2.9528,2.9158,2.9616,1.1111,2.5557,-2.2539,1.2839,1.7568,2.4472,2.6663,2.7434,2.2059,2.9731,-3.0597,1.6685,2.9411,2.9521,-0.52624,-1.9812,2.6676,-1.3516,2.5716,-1.5499,1.2216,2.2574,-2.8435,-0.32772,-0.024608,1.6447,0.86293,2.6678,-2.8401,-1.6538,0.52726,2.0186,2.8278,2.218,2.6672,2.5417,2.5883,-2.382,1.4522,-0.52777,2.0441,2.7312,-1.8647,-0.81164,3.0057,-2.5186,0.63479,-2.9778,2.8019,0.74148,-2.5263,0.43111,-0.014043,2.3608,3.1416,-2.3608,0.014043,-0.43111,2.5263,-0.74148,-2.8019,2.9778,-0.63479,2.5186,-3.0057,0.81164,1.8647,-2.7312,-2.0441,0.52777,-1.4522,2.382,-2.5883,-2.5417,-2.6672,-2.218,-2.8278,-2.0186,-0.52726,1.6538,2.8401,-2.6678,-0.86293,-1.6447,0.024608,0.32772,2.8435,-2.2574,-1.2216,1.5499,-2.5716,1.3516,-2.6676,1.9812,0.52624,-2.9521,-2.9411,-1.6685,3.0597,-2.9731,-2.2059,-2.7434,-2.6663,-2.4472,-1.7568,-1.2839,2.2539,-2.5557,-1.1111,-2.9616,-2.9158,-2.9528,-2.1055,-0.042593,-2.3583,0.46334,-2.5058,-2.344,-1.8912,-2.8427,-2.9733,-2.3744,-1.6384,-2.0199,-2.4411,-2.0965,-2.3713,-2.13,-1.9924,-2.2216,-2.0354,-2.2284,-1.7883,-2.1052,-1.9641,-1.9072,-1.9614,-1.8235,-1.8835,-1.6542,-1.8476,-1.9854,-1.6793,-1.6068,-1.8172,-1.6542,-1.6262,-2.1017,-1.835,-1.7374,-1.6245,-1.8975,-1.8978,-1.5592,-1.4566,-1.5094,-1.6241,-1.0512,-1.8315,-0.94584,-1.6069,-1.311,-1.3408,-1.2568,-1.2702,-1.4753,-0.88136,-0.58859,-1.2794,-0.74522,0.16885,0.13587,0.2214,0.60942,1.1081,1.6524,1.9484,1.903,2.2846,2.8873,2.689,-3.0335
0,0.014988,-0.04431,-0.44745,-0.35012,-0.66802,0.070885,1.377,2.9465,-0.74785,2.3602,2.7101,2.9937,-3.0764,-2.3438,-0.71356,1.7224,2.5265,1.9387,1.9024,2.3614,2.9377,-2.723,1.9629,2.6199,2.5496,2.1663,2.1157,2.3263,2.4825,2.4254,2.2007,2.6666,1.9597,2.1366,2.0288,2.2632,2.388,2.3965,2.134,2.7907,2.3191,2.3846,2.067,2.2139,2.5457,2.1535,2.3617,2.6478,2.5181,2.714,2.0971,2.6119,2.6561,2.0306,2.3548,2.6813,2.6168,2.3991,2.7289,2.7812,3.0046,1.6504,1.9892,2.241,2.1527,2.0776,2.2448,2.7685,-2.8441,-1.8449,2.9113,-3.0361,3.1179,-2.4274,-1.2685,0.24466,1.2346,2.2418,2.5992,3.0528,3.0728,3.1219,-2.9147,0.29112,1.6402,2.8301,2.4888,1.3427,2.5334,3.013,-2.3325,-0.63987,1.9527,2.8923,-1.7321,-0.073271,1.6536,2.2375,-2.8289,-0.83565,0.58443,1.9379,2.5302,-2.5438,-2.2736,-2.4372,-2.3302,-1.8532,-1.387,0.32405,2.1498,3.0574,-2.145,-2.8118,2.8988,-2.8122,-2.4963,-1.63,-1.7908,-3.0199,-1.8162,-1.1342,0.096936,-0.41407,1.9588,2.9217,-1.0397,0,1.0397,-2.9217,-1.9588,0.41407,-0.096936,1.1342,1.8162,3.0199,1.7908,1.63,2.4963,2.8122,-2.8988,2.8118,2.145,-3.0574,-2.1498,-0.32405,1.387,1.8532,2.3302,2.4372,2.2736,2.5438,-2.5302,-1.9379,-0.58443,0.83565,2.8289,-2.2375,-1.6536,0.073271,1.7321,-2.8923,-1.9527,0.63987,2.3325,-3.013,-2.5334,-1.3427,-2.4888,-2.8301,-1.6402,-0.29112,2.9147,-3.1219,-3.0728,-3.0528,-2.5992,-2.2418,-1.2346,-0.24466,1.2685,2.4274,-3.1179,3.0361,-2.9113,1.8449,2.8441,-2.7685,-2.2448,-2.0776,-2.1527,-2.241,-1.9892,-1.6504,-3.0046,-2.7812,-2.7289,-2.3991,-2.6168,-2.6813,-2.3548,-2.0306,-2.6561,-2.6119,-2.0971,-2.714,-2.5181,-2.6478,-2.3617,-2.1535,-2.5457,-2.2139,-2.067,-2.3846,-2.3191,-2.7907,-2.134,-2.3965,-2.388,-2.2632,-2.0288,-2.1366,-1.9597,-2.6666,-2.2007,-2.4254,-2.4825,-2.3263,-2.1157,-2.1663,-2.5496,-2.6199,-1.9629,2.723,-2.9377,-2.3614,-1.9024,-1.9387,-2.5265,-1.7224,0.71356,2.3438,3.0764,-2.9937,-2.7101,-2.3602,0.74785,-2.9465,-1.377,-0.070885,0.66802,0.35012,0.44745,0.04431,-0.014988
0,-0.024013,-0.015971,-0.14081,-0.22659,-0.44936,0.33048,2.4242,2.9137,3.0653,-3.0491,2.9841,3.0507,-1.6814,0.30567,0.824,1.756,2.0823,2.1051,2.6536,-1.7708,1.6504,1.5236,1.696,2.1105,2.3712,2.3759,2.8974,2.3917,2.352,2.1869,2.0794,1.8712,2.3561,2.5962,2.4847,2.5166,2.5595,2.8196,1.6206,2.0509,2.3086,2.4497,2.431,2.5061,-3.1112,0.042008,2.109,2.1934,2.4446,2.2805,2.2351,3.0795,-2.3802,2.3769,2.2446,2.3073,2.2603,1.9114,2.8656,-2.0969,2.8487,1.9744,-2.9986,-1.5466,0.54176,2.0179,-2.5644,2.3859,-2.0825,2.6653,-3.1142,-1.9802,-0.55809,1.5315,-0.52485,-2.6384,-0.27515,0.40282,1.8244,2.3287,2.9543,1.883,-2.8557,-1.2433,0.52599,2.1592,2.7796,2.3522,2.33,-2.929,-2.4647,0.0017082,1.9253,-2.8353,1.8175,1.0268,2.4682,3.0751,-1.3824,0.28468,-2.7673,-0.51535,-2.2501,-1.2439,-0.058918,1.4674,-0.1449,1.5073,1.1108,2.3138,-2.9708,-1.0076,1.3577,-1.3792,0.83162,-0.55981,0.89436,1.9835,-2.493,1.3848,3.1105,1.4598,-2.9705,-2.054,-1.0032,0.37503,-2.8987,0,2.8987,-0.37503,1.0032,2.054,2.9705,-1.4598,-3.1105,-1.3848,2.493,-1.9835,-0.89436,0.55981,-0.83162,1.3792,-1.3577,1.0076,2.9708,-2.3138,-1.1108,-1.5073,0.1449,-1.4674,0.058918,1.2439,2.2501,0.51535,2.7673,-0.28468,1.3824,-3.0751,-2.4682,-1.0268,-1.8175,2.8353,-1.9253,-0.0017082,2.4647,2.929,-2.33,-2.3522,-2.7796,-2.1592,-0.52599,1.2433,2.8557,-1.883,-2.9543,-2.3287,-1.8244,-0.40282,0.27515,2.6384,0.52485,-1.5315,0.55809,1.9802,3.1142,-2.6653,2.0825,-2.3859,2.5644,-2.0179,-0.54176,1.5466,2.9986,-1.9744,-2.8487,2.0969,-2.8656,-1.9114,-2.2603,-2.3073,-2.2446,-2.3769,2.3802,-3.0795,-2.2351,-2.2805,-2.4446,-2.1934,-2.109,-0.042008,3.1112,-2.5061,-2.431,-2.4497,-2.3086,-2.0509,-1.6206,-2.8196,-2.5595,-2.5166,-2.4847,-2.5962,-2.3561,-1.8712,-2.0794,-2.1869,-2.352,-2.3917,-2.8974,-2.3759,-2.3712,-2.1105,-1.696,-1.5236,-1.6504,1.7708,-2.6536,-2.1051,-2.0823,-1.756,-0.824,-0.30567,1.6814,-3.0507,-2.9841,3.0491,-3.0653,-2.9137,-2.4242,-0.33048,0.44936,0.22659,0.14081,0.015971,0.024013
0,-0.047333,-0.12505,-0.21511,-0.28551,-0.47746,0.44429,2.6371,2.8451,2.9243,2.8682,2.7629,3.0474,-1.313,0.97154,1.1899,1.6372,2.0666,2.0128,3.0724,-0.84149,2.6144,2.3341,2.352,2.1314,2.1104,2.9712,2.7408,2.6148,2.4912,2.5626,2.3216,1.9106,2.8017,2.6719,2.7535,2.7238,2.845,-2.5694,1.72,2.4602,2.5535,2.5601,2.5742,2.8865,-2.08,2.2052,2.4274,2.5067,2.5622,2.403,2.8833,-1.9545,2.8159,2.6151,2.85,2.6911,1.6811,2.846,3.0768,-2.9358,-3.1072,-3.0317,-1.907,0.54614,2.8535,1.9051,2.8893,2.7123,2.5728,-2.7224,-0.87556,2.7822,-0.067641,-1.8097,-1.2482,-0.52207,0.90396,2.8133,1.9208,2.9245,2.8591,-2.9771,-1.1447,1.7907,-1.8811,2.8188,2.696,2.6151,-3.0211,-1.3488,2.0972,-1.2955,-2.5423,-1.7169,1.2113,2.648,-1.6265,3.061,-2.1534,-2.1554,-2.0723,-1.045,0.48334,2.8239,0.64433,0.38564,0.95969,1.693,2.9558,-1.4443,-2.8456,-3.1386,-2.1082,-1.2808,0.29609,2.1893,-0.3708,3.0374,2.4158,2.6617,-3.0182,-1.5316,1.0805,-1.741,-2.3787,-0.67762,-1.3718,0,1.3718,0.67762,2.3787,1.741,-1.0805,1.5316,3.0182,-2.6617,-2.4158,-3.0374,0.3708,-2.1893,-0.29609,1.2808,2.1082,3.1386,2.8456,1.4443,-2.9558,-1.693,-0.95969,-0.38564,-0.64433,-2.8239,-0.48334,1.045,2.0723,2.1554,2.1534,-3.061,1.6265,-2.648,-1.2113,1.7169,2.5423,1.2955,-2.0972,1.3488,3.0211,-2.6151,-2.696,-2.8188,1.8811,-1.7907,1.1447,2.9771,-2.8591,-2.9245,-1.9208,-2.8133,-0.90396,0.52207,1.2482,1.8097,0.067641,-2.7822,0.87556,2.7224,-2.5728,-2.7123,-2.8893,-1.9051,-2.8535,-0.54614,1.907,3.0317,3.1072,2.9358,-3.0768,-2.846,-1.6811,-2.6911,-2.85,-2.6151,-2.8159,1.9545,-2.8833,-2.403,-2.5622,-2.5067,-2.4274,-2.2052,2.08,-2.8865,-2.5742,-2.5601,-2.5535,-2.4602,-1.72,2.5694,-2.845,-2.7238,-2.7535,-2.6719,-2.8017,-1.9106,-2.3216,-2.5626,-2.4912,-2.6148,-2.7408,-2.9712,-2.1104,-2.1314,-2.352,-2.3341,-2.6144,0.84149,-3.0724,-2.0128,-2.0666,-1.6372,-1.1899,-0.97154,1.313,-3.0474,-2.7629,-2.8682,-2.9243,-2.8451,-2.6371,-0.44429,0.47746,0.28551,0.21511,0.12505,0.047333
0,-0.10195,-0.22835,-0.36437,-0.54864,-0.7767,0.31351,2.4567,2.5932,2.5178,2.3479,2.3559,2.6501,-1.5314,0.45854,1.2064,2.1058,1.853,1.4163,2.644,2.9227,2.658,2.315,2.3432,2.27,1.685,2.6952,2.2424,2.3256,2.4205,2.4713,2.6804,1.6757,2.2904,2.2187,2.1903,2.26,2.3319,-3.0102,2.0715,2.237,2.2437,2.1663,1.9991,2.1917,2.8478,2.359,2.4,2.4784,2.5434,1.4599,2.2783,2.2862,2.3415,2.3843,2.5084,3.0475,0.19863,2.3375,2.1404,2.2188,2.0818,2.0827,3.0396,-0.030706,-3.1289,2.654,-2.6882,-0.74517,0.42084,2.2704,1.5562,2.3902,1.5997,2.0641,2.4616,-2.462,-0.27144,-1.7089,-2.7545,-2.4857,-1.7894,2.1057,-2.3085,2.8963,2.955,3.1253,-2.4854,-0.99267,1.7782,-2.1899,2.3089,1.9952,2.0645,2.9404,-1.5381,2.0203,-1.7547,-1.0764,-0.70042,-9.0612e-05,1.4453,-2.2424,1.5176,1.7303,1.9151,2.4643,-2.9401,-1.085,3.0129,-2.1664,-1.6949,-0.91666,0.39287,2.1798,-1.3023,2.877,2.7109,2.979,-2.8179,-1.4324,1.5541,-1.0954,-1.9985,-1.475,-0.50762,0.67628,2.6342,0,-2.6342,-0.67628,0.50762,1.475,1.9985,1.0954,-1.5541,1.4324,2.8179,-2.979,-2.7109,-2.877,1.3023,-2.1798,-0.39287,0.91666,1.6949,2.1664,-3.0129,1.085,2.9401,-2.4643,-1.9151,-1.7303,-1.5176,2.2424,-1.4453,9.0612e-05,0.70042,1.0764,1.7547,-2.0203,1.5381,-2.9404,-2.0645,-1.9952,-2.3089,2.1899,-1.7782,0.99267,2.4854,-3.1253,-2.955,-2.8963,2.3085,-2.1057,1.7894,2.4857,2.7545,1.7089,0.27144,2.462,-2.4616,-2.0641,-1.5997,-2.3902,-1.5562,-2.2704,-0.42084,0.74517,2.6882,-2.654,3.1289,0.030706,-3.0396,-2.0827,-2.0818,-2.2188,-2.1404,-2.3375,-0.19863,-3.0475,-2.5084,-2.3843,-2.3415,-2.2862,-2.2783,-1.4599,-2.5434,-2.4784,-2.4,-2.359,-2.8478,-2.1917,-1.9991,-2.1663,-2.2437,-2.237,-2.0715,3.0102,-2.3319,-2.26,-2.1903,-2.2187,-2.2904,-1.6757,-2.6804,-2.4713,-2.4205,-2.3256,-2.2424,-2.6952,-1.685,-2.27,-2.3432,-2.315,-2.658,-2.9227,-2.644,-1.4163,-1.853,-2.1058,-1.2064,-0.45854,1.5314,-2.6501,-2.3559,-2.3479,-2.5178,-2.5932,-2.4567,-0.31351,0.7767,0.54864,0.36437,0.22835,0.10195
0,-0.26216,-0.6333,-0.90014,-1.0989,-1.4206,-0.065522,2.018,1.9612,1.8198,1.7033,1.5487,1.8983,-2.3892,3.0378,2.7609,2.5242,2.4323,1.7285,1.9273,2.2624,2.1527,2.1642,2.1854,2.3299,1.8491,2.0767,2.1092,2.0682,2.0785,2.0448,2.3774,2.1217,2.1373,2.1427,2.183,2.2032,1.7274,2.1523,2.1565,2.1444,2.1414,2.1947,2.4472,2.0784,2.1904,2.2231,2.2233,2.1099,1.9766,2.4412,2.1917,2.2098,2.3161,2.4414,2.5695,1.4897,2.3327,2.2718,2.2064,2.1428,2.1904,2.8627,1.5954,2.5347,2.4053,2.6501,-2.8425,0.62393,2.333,1.9978,2.0682,1.9817,1.841,2.3644,-2.4429,0.56223,-3.0683,2.9806,3.1357,-2.4626,-0.83305,1.5753,2.3275,2.4035,2.311,2.5031,-2.8709,1.3335,3.0438,-3.1233,-2.7838,0.18929,1.3382,2.9946,2.208,2.366,2.5859,2.7967,-2.6066,-0.52288,3.1353,-2.2127,-2.4069,-0.77185,-0.40051,1.0773,-3.0802,1.9951,1.9469,1.3005,1.9945,-3.0832,-0.46739,3.1165,2.8164,-3.1232,-2.2653,-0.37078,2.066,-0.21317,1.2792,0.63867,1.2267,1.8131,-3.0844,2.1895,-2.3338,3.1416,2.3338,-2.1895,3.0844,-1.8131,-1.2267,-0.63867,-1.2792,0.21317,-2.066,0.37078,2.2653,3.1232,-2.8164,-3.1165,0.46739,3.0832,-1.9945,-1.3005,-1.9469,-1.9951,3.0802,-1.0773,0.40051,0.77185,2.4069,2.2127,-3.1353,0.52288,2.6066,-2.7967,-2.5859,-2.366,-2.208,-2.9946,-1.3382,-0.18929,2.7838,3.1233,-3.0438,-1.3335,2.8709,-2.5031,-2.311,-2.4035,-2.3275,-1.5753,0.83305,2.4626,-3.1357,-2.9806,3.0683,-0.56223,2.4429,-2.3644,-1.841,-1.9817,-2.0682,-1.9978,-2.333,-0.62393,2.8425,-2.6501,-2.4053,-2.5347,-1.5954,-2.8627,-2.1904,-2.1428,-2.2064,-2.2718,-2.3327,-1.4897,-2.5695,-2.4414,-2.3161,-2.2098,-2.1917,-2.4412,-1.9766,-2.1099,-2.2233,-2.2231,-2.1904,-2.0784,-2.4472,-2.1947,-2.1414,-2.1444,-2.1565,-2.1523,-1.7274,-2.2032,-2.183,-2.1427,-2.1373,-2.1217,-2.3774,-2.0448,-2.0785,-2.0682,-2.1092,-2.0767,-1.8491,-2.3299,-2.1854,-2.1642,-2.1527,-2.2624,-1.9273,-1.7285,-2.4323,-2.5242,-2.7609,-3.0378,2.3892,-1.8983,-1.5487,-1.7033,-1.8198,-1.9612,-2.018,0.065522,1.4206,1.0989,0.90014,0.6333,0.26216
3.1416,-2.7002,-2.35,-2.1623,-2.114,-2.2947,-0.68806,1.3677,1.4034,1.2155,1.0733,0.61846,0.80751,2.5931,2.35,2.1397,2.1467,2.1421,2.503,1.4358,1.7725,1.8833,1.9383,1.8964,1.8152,2.1483,2.0409,2.0218,2.0197,2.0598,2.1276,1.8018,2.0305,2.0312,2.0523,2.0557,1.9921,2.1734,2.2249,2.1839,2.1927,2.2203,2.2639,2.3052,2.0939,2.1857,2.1949,2.1969,2.1728,2.1629,2.4987,2.3677,2.3706,2.3758,2.4799,2.758,1.9753,2.3573,2.4276,2.3698,2.2903,2.1057,2.8481,2.6052,2.5281,2.6597,2.8589,-3.0303,-0.17053,2.5514,2.8539,2.4911,2.0905,-0.4905,1.2541,-2.8843,2.6407,2.3338,2.1677,2.0599,2.2222,-2.8039,2.9717,2.8923,3.0978,-3.0149,-1.4462,2.1612,2.8379,2.6819,2.5333,2.5164,2.3236,-2.647,-3.0225,3.1292,-3.1075,-2.9619,-2.3808,-0.0064129,3.0458,-2.0484,-1.3276,-0.44478,-0.19302,1.5323,-2.8294,-2.7274,2.2102,1.487,1.3087,2.536,-2.3744,-2.8877,-3.1249,-3.1262,-2.8783,-2.2219,0.69976,-2.4562,-2.0563,-1.7511,-1.2123,-0.055884,2.3232,3.1401,-2.0665,-0.39855,0,0.39855,2.0665,-3.1401,-2.3232,0.055884,1.2123,1.7511,2.0563,2.4562,-0.69976,2.2219,2.8783,3.1262,3.1249,2.8877,2.3744,-2.536,-1.3087,-1.487,-2.2102,2.7274,2.8294,-1.5323,0.19302,0.44478,1.3276,2.0484,-3.0458,0.0064129,2.3808,2.9619,3.1075,-3.1292,3.0225,2.647,-2.3236,-2.5164,-2.5333,-2.6819,-2.8379,-2.1612,1.4462,3.0149,-3.0978,-2.8923,-2.9717,2.8039,-2.2222,-2.0599,-2.1677,-2.3338,-2.6407,2.8843,-1.2541,0.4905,-2.0905,-2.4911,-2.8539,-2.5514,0.17053,3.0303,-2.8589,-2.6597,-2.5281,-2.6052,-2.8481,-2.1057,-2.2903,-2.3698,-2.4276,-2.3573,-1.9753,-2.758,-2.4799,-2.3758,-2.3706,-2.3677,-2.4987,-2.1629,-2.1728,-2.1969,-2.1949,-2.1857,-2.0939,-2.3052,-2.2639,-2.2203,-2.1927,-2.1839,-2.2249,-2.1734,-1.9921,-2.0557,-2.0523,-2.0312,-2.0305,-1.8018,-2.1276,-2.0598,-2.0197,-2.0218,-2.0409,-2.1483,-1.8152,-1.8964,-1.9383,-1.8833,-1.7725,-1.4358,-2.503,-2.1421,-2.1467,-2.1397,-2.35,-2.5931,-0.80751,-0.61846,-1.0733,-1.2155,-1.4034,-1.3677,0.68806,2.2947,2.114,2.1623,2.35,2.7002
3.1416,-3.1257,-3.0538,-2.9869,-3.0156,3.1179,-1.5105,0.56367,0.49934,0.54842,0.3352,-2.419,-0.80249,1.1498,1.1782,1.1396,1.1211,1.0331,1.3366,2.0896,1.4289,1.3687,1.475,1.5613,1.773,1.0826,1.4005,1.5056,1.5035,1.4598,1.2313,1.7139,1.701,1.7118,1.665,1.6754,1.7665,2.2599,1.8347,1.77,1.848,1.8949,2.0334,1.4072,1.8554,1.8465,1.8986,1.8206,1.7467,1.903,2.0986,2.0901,2.0547,2.04,2.0328,2.8366,1.9302,2.0603,2.1017,2.1819,2.3944,0.66691,1.9048,1.9639,1.8737,1.8224,1.2127,1.6232,3.1149,2.6345,2.3139,1.997,1.2892,2.2072,-2.0942,-2.866,2.8403,2.458,1.9762,2.5506,-2.0441,-2.7266,-2.9428,-2.9243,-2.7215,-1.3357,1.6127,2.9664,3.008,-3.1364,-3.095,0.98246,2.7506,3.0263,-2.8629,2.8304,2.5514,2.7709,-2.1493,2.4351,2.2433,2.4792,3.0597,-2.8953,-1.1878,1.4513,0.84632,2.2688,3.0335,2.939,-1.6251,1.1997,-0.2678,-1.809,-1.4703,-1.6448,-0.097478,2.4457,2.2161,-1.7018,-1.0911,-0.78199,1.0561,-2.9531,3.0556,-1.5564,-1.6465,-2.2976,0,2.2976,1.6465,1.5564,-3.0556,2.9531,-1.0561,0.78199,1.0911,1.7018,-2.2161,-2.4457,0.097478,1.6448,1.4703,1.809,0.2678,-1.1997,1.6251,-2.939,-3.0335,-2.2688,-0.84632,-1.4513,1.1878,2.8953,-3.0597,-2.4792,-2.2433,-2.4351,2.1493,-2.7709,-2.5514,-2.8304,2.8629,-3.0263,-2.7506,-0.98246,3.095,3.1364,-3.008,-2.9664,-1.6127,1.3357,2.7215,2.9243,2.9428,2.7266,2.0441,-2.5506,-1.9762,-2.458,-2.8403,2.866,2.0942,-2.2072,-1.2892,-1.997,-2.3139,-2.6345,-3.1149,-1.6232,-1.2127,-1.8224,-1.8737,-1.9639,-1.9048,-0.66691,-2.3944,-2.1819,-2.1017,-2.0603,-1.9302,-2.8366,-2.0328,-2.04,-2.0547,-2.0901,-2.0986,-1.903,-1.7467,-1.8206,-1.8986,-1.8465,-1.8554,-1.4072,-2.0334,-1.8949,-1.848,-1.77,-1.8347,-2.2599,-1.7665,-1.6754,-1.665,-1.7118,-1.701,-1.7139,-1.2313,-1.4598,-1.5035,-1.5056,-1.4005,-1.0826,-1.773,-1.5613,-1.475,-1.3687,-1.4289,-2.0896,-1.3366,-1.0331,-1.1211,-1.1396,-1.1782,-1.1498,0.80249,2.419,-0.3352,-0.54842,-0.49934,-0.56367,1.5105,-3.1179,3.0156,2.9869,3.0538,3.1257
3.1416,2.9851,2.8617,2.6795,2.4955,2.1795,-2.4246,-0.48465,-0.59951,-0.58359,-0.7851,1.4441,-2.659,-0.78794,-0.83846,-0.88191,-0.94888,-1.0012,-1.1774,-0.54456,-0.81149,-0.8701,-0.9287,-0.93184,-0.65423,-1.0243,-0.95814,-0.93394,-0.98431,-0.95197,-0.80094,-1.2628,-1.056,-1.0085,-1.0352,-0.99839,-1.1328,-1.1532,-1.0371,-1.0262,-1.0143,-0.99859,-1.1798,-0.87482,-0.93639,-0.95044,-0.95295,-0.95446,-1.007,-0.56466,-0.85589,-0.88499,-0.86493,-0.8864,-0.7408,-0.46872,-0.87947,-0.89254,-0.82198,-0.86668,-0.51814,-1.6198,-0.92899,-0.96997,-0.86091,-0.83994,0.53002,-1.8814,-0.77975,-0.70355,-0.92958,-0.5329,1.255,-2.3352,-0.97076,-0.77542,-0.70081,-0.86727,0.29101,-2.8993,-1.0855,-1.0985,-0.98925,-1.0378,-1.6369,-1.2029,-0.50513,-0.46702,-0.88812,-0.89449,-1.0029,-1.0254,-0.61801,-0.51912,-0.88245,-0.93685,-0.93778,-0.064008,2.0208,-1.7119,-0.98731,-1.4431,-1.6647,-0.35589,1.597,2.1594,-1.133,1.9552,-1.3821,-1.1569,0.90717,-0.27615,-0.79324,-0.71812,-1.5943,-0.5751,1.1776,1.2589,-0.44806,-0.39581,-1.3981,-0.85726,1.3977,0.60059,-1.7518,-0.04194,-1.9953,-1.4871,0,1.4871,1.9953,0.04194,1.7518,-0.60059,-1.3977,0.85726,1.3981,0.39581,0.44806,-1.2589,-1.1776,0.5751,1.5943,0.71812,0.79324,0.27615,-0.90717,1.1569,1.3821,-1.9552,1.133,-2.1594,-1.597,0.35589,1.6647,1.4431,0.98731,1.7119,-2.0208,0.064008,0.93778,0.93685,0.88245,0.51912,0.61801,1.0254,1.0029,0.89449,0.88812,0.46702,0.50513,1.2029,1.6369,1.0378,0.98925,1.0985,1.0855,2.8993,-0.29101,0.86727,0.70081,0.77542,0.97076,2.3352,-1.255,0.5329,0.92958,0.70355,0.77975,1.8814,-0.53002,0.83994,0.86091,0.96997,0.92899,1.6198,0.51814,0.86668,0.82198,0.89254,0.87947,0.46872,0.7408,0.8864,0.86493,0.88499,0.85589,0.56466,1.007,0.95446,0.95295,0.95044,0.93639,0.87482,1.1798,0.99859,1.0143,1.0262,1.0371,1.1532,1.1328,0.99839,1.0352,1.0085,1.056,1.2628,0.80094,0.95197,0.98431,0.93394,0.95814,1.0243,0.65423,0.93184,0.9287,0.8701,0.81149,0.54456,1.1774,1.0012,0.94888,0.88191,0.83846,0.78794,2.659,-1.4441,0.7851,0.58359,0.59951,0.48465,2.4246,-2.1795,-2.4955,-2.6795,-2.8617,-2.9851
0,1.2266,1.2901,1.4342,1.4016,1.1959,2.9677,-1.3302,-1.1807,-1.1327,-0.88626,-0.5891,1.6634,-2.2813,-1.7731,-1.6649,-1.5679,-1.5046,-1.9624,-1.6212,-1.504,-1.4659,-1.4182,-1.4224,-1.6403,-1.3617,-1.318,-1.3506,-1.3485,-1.3166,-1.48,-1.1654,-1.2106,-1.2433,-1.2439,-1.2238,-1.378,-1.1029,-1.1066,-1.1325,-1.1543,-1.1176,-1.2322,-0.99594,-1.0349,-1.0776,-1.0574,-1.0426,-1.1475,-0.85153,-0.96218,-1.0057,-1.0038,-0.98376,-1.0649,-0.69309,-0.86908,-0.94587,-0.92589,-0.85938,-0.95822,-0.56816,-0.80955,-0.92979,-0.8649,-0.84381,-0.97255,-0.18431,-0.5346,-1.1238,-0.91893,-0.83255,-0.80816,-0.88869,0.73765,-0.64962,-0.87219,-1.0225,-0.66759,-2.0932,-0.49682,-0.22975,-0.56634,-0.50732,-0.57778,-1.0023,0.26334,0.026923,-0.42749,-0.5529,-0.48188,-1.2318,-0.26157,0.031973,-0.48016,-0.44845,-0.55705,-1.2113,0.37531,0.8893,-2.5385,-0.85568,-1.8229,3.054,-0.87398,0.43923,1.0625,0.67604,1.5479,0.33463,-3.1413,-0.9365,0.16963,0.096486,0.53313,0.16296,-3.031,-0.84661,-0.20443,0.18472,0.48139,-0.46825,1.7611,-2.4063,-0.92879,-0.64006,-1.0978,-2.1487,0,2.1487,1.0978,0.64006,0.92879,2.4063,-1.7611,0.46825,-0.48139,-0.18472,0.20443,0.84661,3.031,-0.16296,-0.53313,-0.096486,-0.16963,0.9365,3.1413,-0.33463,-1.5479,-0.67604,-1.0625,-0.43923,0.87398,-3.054,1.8229,0.85568,2.5385,-0.8893,-0.37531,1.2113,0.55705,0.44845,0.48016,-0.031973,0.26157,1.2318,0.48188,0.5529,0.42749,-0.026923,-0.26334,1.0023,0.57778,0.50732,0.56634,0.22975,0.49682,2.0932,0.66759,1.0225,0.87219,0.64962,-0.73765,0.88869,0.80816,0.83255,0.91893,1.1238,0.5346,0.18431,0.97255,0.84381,0.8649,0.92979,0.80955,0.56816,0.95822,0.85938,0.92589,0.94587,0.86908,0.69309,1.0649,0.98376,1.0038,1.0057,0.96218,0.85153,1.1475,1.0426,1.0574,1.0776,1.0349,0.99594,1.2322,1.1176,1.1543,1.1325,1.1066,1.1029,1.378,1.2238,1.2439,1.2433,1.2106,1.1654,1.48,1.3166,1.3485,1.3506,1.318,1.3617,1.6403,1.4224,1.4182,1.4659,1.504,1.6212,1.9624,1.5046,1.5679,1.6649,1.7731,2.2813,-1.6634,0.5891,0.88626,1.1327,1.1807,1.3302,-2.9677,-1.1959,-1.4016,-1.4342,-1.2901,-1.2266
0,0.15829,0.21043,0.36101,0.51822,0.39535,2.1354,-2.0415,-1.8782,-1.7427,-1.5274,-1.4945,-0.048206,2.4209,-2.8911,-2.6395,-2.3506,-2.0331,-1.1189,3.1407,-2.0606,-2.0209,-2.0327,-1.7359,-1.3201,-2.5292,-1.9253,-1.6958,-1.6929,-1.6345,-1.2986,-1.9528,-1.7726,-1.5591,-1.5337,-1.5917,-1.4792,-0.72847,-1.5855,-1.4684,-1.4206,-1.3638,-1.3631,-0.8357,-1.4284,-1.2944,-1.3029,-1.3138,-1.296,-0.78152,-1.169,-1.1923,-1.1268,-1.2738,-1.2206,-1.0148,-0.66499,-0.98156,-1.0565,-1.191,-1.1892,-1.1596,-0.11712,-0.78454,-0.73258,-1.2436,-1.4112,-1.8967,-0.16505,-0.12214,-0.27064,0.067082,0.41265,2.1295,-1.5977,-0.52304,-0.47584,-0.30776,-0.10982,-0.43464,1.9509,-1.6088,-1.1151,-1.2408,-1.1316,-0.56802,1.7702,-1.1785,-1.0337,-0.82904,-0.49211,-0.22487,0.62168,-2.0609,-0.77878,-1.2494,-1.3051,-1.4178,0.10653,1.9193,1.737,1.6945,-0.71527,1.6075,-2.1392,0.16047,0.53798,1.1908,1.3727,1.1114,2.0908,-2.1146,-0.72981,-1.0078,-0.25534,-0.89303,0.23086,2.5232,-1.7735,-0.65958,-0.19498,-0.47441,-1.1459,0.90637,2.1261,1.4702,0.75562,1.9376,3.1416,-1.9376,-0.75562,-1.4702,-2.1261,-0.90637,1.1459,0.47441,0.19498,0.65958,1.7735,-2.5232,-0.23086,0.89303,0.25534,1.0078,0.72981,2.1146,-2.0908,-1.1114,-1.3727,-1.1908,-0.53798,-0.16047,2.1392,-1.6075,0.71527,-1.6945,-1.737,-1.9193,-0.10653,1.4178,1.3051,1.2494,0.77878,2.0609,-0.62168,0.22487,0.49211,0.82904,1.0337,1.1785,-1.7702,0.56802,1.1316,1.2408,1.1151,1.6088,-1.9509,0.43464,0.10982,0.30776,0.47584,0.52304,1.5977,-2.1295,-0.41265,-0.067082,0.27064,0.12214,0.16505,1.8967,1.4112,1.2436,0.73258,0.78454,0.11712,1.1596,1.1892,1.191,1.0565,0.98156,0.66499,1.0148,1.2206,1.2738,1.1268,1.1923,1.169,0.78152,1.296,1.3138,1.3029,1.2944,1.4284,0.8357,1.3631,1.3638,1.4206,1.4684,1.5855,0.72847,1.4792,1.5917,1.5337,1.5591,1.7726,1.9528,1.2986,1.6345,1.6929,1.6958,1.9253,2.5292,1.3201,1.7359,2.0327,2.0209,2.0606,-3.1407,1.1189,2.0331,2.3506,2.6395,2.8911,-2.4209,0.048206,1.4945,1.5274,1.7427,1.8782,2.0415,-2.1354,-0.39535,-0.51822,-0.36101,-0.21043,-0.15829
0,0.081822,0.039424,0.073454,-0.057249,-0.29051,1.3655,-2.8365,-2.6707,-2.6726,-2.5846,-2.7379,-1.5428,0.7822,1.69,2.0742,2.4392,2.5155,-2.7137,0.037065,1.7089,2.2132,2.6516,2.8574,3.0853,-1.0825,3.0305,2.1994,2.5504,2.5665,2.4775,-2.1084,-2.812,-2.6377,2.3094,2.951,1.0175,2.6626,-2.4411,-2.7073,-2.865,-2.6869,-1.8995,1.8435,-2.7849,-2.8128,-2.8955,-2.7177,-2.294,0.1001,2.5568,3.1117,3.1157,-2.9995,3.0308,-1.6767,1.3281,2.8752,2.6376,2.4698,2.5707,-2.7943,-0.41531,1.5168,1.3316,1.5027,2.4496,2.099,-2.0006,-0.63191,-1.8872,-1.0791,-0.25852,-0.46457,1.7924,-2.9493,-2.4145,2.9667,-2.0757,3.0384,-1.2478,0.72404,0.56472,2.1125,1.3579,2.273,-2.5209,-0.58208,0.10179,-0.37545,1.1249,1.4675,2.7524,-1.3966,-0.60835,-0.53345,-0.93623,0.94339,0.43978,2.7609,-2.4819,-2.8093,-2.2112,-1.6904,-2.3719,0.16665,1.1869,1.9105,0.80456,1.9913,1.1415,-2.9524,-1.5154,-1.3983,-0.97737,-0.94175,-1.7283,0.85626,2.4894,3.1171,3.0527,-2.5097,2.9401,-1.2754,0.77965,1.6066,2.9543,-0.99221,3.1416,0.99221,-2.9543,-1.6066,-0.77965,1.2754,-2.9401,2.5097,-3.0527,-3.1171,-2.4894,-0.85626,1.7283,0.94175,0.97737,1.3983,1.5154,2.9524,-1.1415,-1.9913,-0.80456,-1.9105,-1.1869,-0.16665,2.3719,1.6904,2.2112,2.8093,2.4819,-2.7609,-0.43978,-0.94339,0.93623,0.53345,0.60835,1.3966,-2.7524,-1.4675,-1.1249,0.37545,-0.10179,0.58208,2.5209,-2.273,-1.3579,-2.1125,-0.56472,-0.72404,1.2478,-3.0384,2.0757,-2.9667,2.4145,2.9493,-1.7924,0.46457,0.25852,1.0791,1.8872,0.63191,2.0006,-2.099,-2.4496,-1.5027,-1.3316,-1.5168,0.41531,2.7943,-2.5707,-2.4698,-2.6376,-2.8752,-1.3281,1.6767,-3.0308,2.9995,-3.1157,-3.1117,-2.5568,-0.1001,2.294,2.7177,2.8955,2.8128,2.7849,-1.8435,1.8995,2.6869,2.865,2.7073,2.4411,-2.6626,-1.0175,-2.951,-2.3094,2.6377,2.812,2.1084,-2.4775,-2.5665,-2.5504,-2.1994,-3.0305,1.0825,-3.0853,-2.8574,-2.6516,-2.2132,-1.7089,-0.037065,2.7137,-2.5155,-2.4392,-2.0742,-1.69,-0.7822,1.5428,2.7379,2.5846,2.6726,2.6707,2.8365,-1.3655,0.29051,0.057249,-0.073454,-0.039424,-0.081822
0,-0.044763,-0.15312,-0.34956,-0.4818,-0.83478,0.6804,2.6999,2.7991,2.6888,2.6613,2.4716,-2.9206,-0.69264,0.14532,0.87121,1.5178,1.528,1.8992,-2.6547,2.565,2.2076,1.9261,2.1292,1.1899,2.3623,2.5011,2.3945,2.4256,2.2014,2.606,1.5725,2.3809,2.2452,2.3684,2.3807,2.3044,-2.8153,1.9586,2.1667,2.214,2.2593,2.2029,2.5333,2.4845,2.3162,2.3324,2.2752,2.3297,1.5243,2.6067,2.5753,2.5998,2.5764,2.6268,-2.7873,1.7653,2.4703,2.3143,2.5647,2.5804,2.7142,-1.2395,1.8752,2.1417,1.8363,2.1336,1.0471,2.8137,-2.2747,-3.1344,-2.7943,-2.2295,-2.8038,-0.34376,1.7983,2.241,2.014,2.2191,1.1451,2.3193,-2.0951,-2.4819,-2.6324,-2.3643,-2.8635,0.30962,2.4164,2.5302,2.8921,3.091,2.9608,-1.8876,1.1939,2.3879,2.3096,2.3124,2.6952,2.14,-2.1981,-1.5175,-1.3488,-1.663,0.25419,-1.7899,0.89993,2.5706,3.1191,1.9727,2.5539,1.4712,-2.9907,-1.4191,-1.2257,-1.7282,-0.89974,-2.4417,-0.071117,2.3992,3.0282,-3.008,-2.8446,-2.6846,-2.6621,-0.82382,-1.1158,-1.1595,0.92532,3.1416,-0.92532,1.1595,1.1158,0.82382,2.6621,2.6846,2.8446,3.008,-3.0282,-2.3992,0.071117,2.4417,0.89974,1.7282,1.2257,1.4191,2.9907,-1.4712,-2.5539,-1.9727,-3.1191,-2.5706,-0.89993,1.7899,-0.25419,1.663,1.3488,1.5175,2.1981,-2.14,-2.6952,-2.3124,-2.3096,-2.3879,-1.1939,1.8876,-2.9608,-3.091,-2.8921,-2.5302,-2.4164,-0.30962,2.8635,2.3643,2.6324,2.4819,2.0951,-2.3193,-1.1451,-2.2191,-2.014,-2.241,-1.7983,0.34376,2.8038,2.2295,2.7943,3.1344,2.2747,-2.8137,-1.0471,-2.1336,-1.8363,-2.1417,-1.8752,1.2395,-2.7142,-2.5804,-2.5647,-2.3143,-2.4703,-1.7653,2.7873,-2.6268,-2.5764,-2.5998,-2.5753,-2.6067,-1.5243,-2.3297,-2.2752,-2.3324,-2.3162,-2.4845,-2.5333,-2.2029,-2.2593,-2.214,-2.1667,-1.9586,2.8153,-2.3044,-2.3807,-2.3684,-2.2452,-2.3809,-1.5725,-2.606,-2.2014,-2.4256,-2.3945,-2.5011,-2.3623,-1.1899,-2.1292,-1.9261,-2.2076,-2.565,2.6547,-1.8992,-1.528,-1.5178,-0.87121,-0.14532,0.69264,2.9206,-2.4716,-2.6613,-2.6888,-2.7991,-2.6999,-0.6804,0.83478,0.4818,0.34956,0.15312,0.044763
0,-0.30002,-0.5265,-0.79307,-1.0116,-1.4368,0.050516,2.0573,2.0582,1.9056,1.8497,1.6077,2.1345,-2.1578,-2.6183,2.8737,2.457,2.2786,0.94777,2.1135,2.3185,2.3021,2.3142,2.3021,2.4985,1.6313,2.0125,2.0869,2.0953,2.1457,2.1109,2.5895,2.1509,2.1529,2.2097,2.1851,2.2147,1.7585,2.2807,2.2368,2.2375,2.2583,2.287,2.4462,2.0677,2.2453,2.2528,2.2538,2.2648,2.1591,2.6932,2.3625,2.3977,2.3799,2.407,2.5315,2.0797,2.3488,2.4069,2.4487,2.447,2.5626,-2.8172,2.2356,2.3716,2.4195,2.2738,1.4257,1.9756,2.9814,2.8582,2.735,2.7227,2.6191,-2.2269,0.4284,2.0789,2.2998,2.5842,2.8737,0.31862,2.309,2.5749,2.8205,2.5145,2.7159,3.117,-0.99254,2.3271,2.594,2.6103,2.4604,2.0411,-2.9798,3.0476,-3.0861,3.0877,-2.8101,-2.4483,-0.032992,2.1348,1.9096,1.544,1.2901,0.73062,2.1455,-3.1291,3.1139,-3.1314,2.8571,2.6416,-2.4578,-0.20672,-1.0343,-2.9366,-0.77014,1.9261,0.27247,2.4557,2.8413,3.0681,2.753,2.8506,2.8668,-1.3982,-1.4177,0.17506,2.7885,3.1416,-2.7885,-0.17506,1.4177,1.3982,-2.8668,-2.8506,-2.753,-3.0681,-2.8413,-2.4557,-0.27247,-1.9261,0.77014,2.9366,1.0343,0.20672,2.4578,-2.6416,-2.8571,3.1314,-3.1139,3.1291,-2.1455,-0.73062,-1.2901,-1.544,-1.9096,-2.1348,0.032992,2.4483,2.8101,-3.0877,3.0861,-3.0476,2.9798,-2.0411,-2.4604,-2.6103,-2.594,-2.3271,0.99254,-3.117,-2.7159,-2.5145,-2.8205,-2.5749,-2.309,-0.31862,-2.8737,-2.5842,-2.2998,-2.0789,-0.4284,2.2269,-2.6191,-2.7227,-2.735,-2.8582,-2.9814,-1.9756,-1.4257,-2.2738,-2.4195,-2.3716,-2.2356,2.8172,-2.5626,-2.447,-2.4487,-2.4069,-2.3488,-2.0797,-2.5315,-2.407,-2.3799,-2.3977,-2.3625,-2.6932,-2.1591,-2.2648,-2.2538,-2.2528,-2.2453,-2.0677,-2.4462,-2.287,-2.2583,-2.2375,-2.2368,-2.2807,-1.7585,-2.2147,-2.1851,-2.2097,-2.1529,-2.1509,-2.5895,-2.1109,-2.1457,-2.0953,-2.0869,-2.0125,-1.6313,-2.4985,-2.3021,-2.3142,-2.3021,-2.3185,-2.1135,-0.94777,-2.2786,-2.457,-2.8737,2.6183,2.1578,-2.1345,-1.6077,-1.8497,-1.9056,-2.0582,-2.0573,-0.050516,1.4368,1.0116,0.79307,0.5265,0.30002
0,-1.5983,-1.4996,-1.5766,-1.7194,-2.0636,-0.53932,1.4914,1.6108,1.5195,1.3768,1.0375,1.0819,2.8874,2.6781,2.4638,2.3025,2.2289,2.7239,1.3553,1.9828,1.9839,1.9907,2.0578,1.9215,2.3722,1.9825,2.0358,2.0402,2.0076,2.0646,1.8371,2.1746,2.1315,2.1289,2.1237,2.1126,2.375,2.1187,2.1151,2.1654,2.1663,2.1718,2.0297,2.2709,2.2848,2.2592,2.2782,2.2905,2.4207,2.272,2.2051,2.2772,2.2934,2.2896,2.2769,2.271,2.4665,2.4129,2.4201,2.4347,2.5494,2.8012,2.1446,2.3812,2.3837,2.3783,2.458,1.7748,2.9045,2.6967,2.6432,2.5687,2.6779,3.057,-1.091,2.3954,2.7049,2.7206,2.8642,-2.2565,1.0025,2.2842,2.4688,2.4935,2.3422,2.3215,-3.0586,3.0566,2.8375,2.7137,2.8843,3.0962,1.6841,2.6316,2.7456,2.7863,2.6996,2.5459,2.7604,-2.0679,-2.8639,-2.6079,2.8133,-2.9101,-2.4417,-0.44289,1.3244,2.5648,2.7663,1.9749,-1.2379,1.5964,2.8056,2.6483,2.807,2.5055,1.8819,-2.9686,-2.0472,-2.7272,-2.7437,-2.8743,-3.1127,-1.3614,-0.54741,0.69505,-2.1637,3.1416,2.1637,-0.69505,0.54741,1.3614,3.1127,2.8743,2.7437,2.7272,2.0472,2.9686,-1.8819,-2.5055,-2.807,-2.6483,-2.8056,-1.5964,1.2379,-1.9749,-2.7663,-2.5648,-1.3244,0.44289,2.4417,2.9101,-2.8133,2.6079,2.8639,2.0679,-2.7604,-2.5459,-2.6996,-2.7863,-2.7456,-2.6316,-1.6841,-3.0962,-2.8843,-2.7137,-2.8375,-3.0566,3.0586,-2.3215,-2.3422,-2.4935,-2.4688,-2.2842,-1.0025,2.2565,-2.8642,-2.7206,-2.7049,-2.3954,1.091,-3.057,-2.6779,-2.5687,-2.6432,-2.6967,-2.9045,-1.7748,-2.458,-2.3783,-2.3837,-2.3812,-2.1446,-2.8012,-2.5494,-2.4347,-2.4201,-2.4129,-2.4665,-2.271,-2.2769,-2.2896,-2.2934,-2.2772,-2.2051,-2.272,-2.4207,-2.2905,-2.2782,-2.2592,-2.2848,-2.2709,-2.0297,-2.1718,-2.1663,-2.1654,-2.1151,-2.1187,-2.375,-2.1126,-2.1237,-2.1289,-2.1315,-2.1746,-1.8371,-2.0646,-2.0076,-2.0402,-2.0358,-1.9825,-2.3722,-1.9215,-2.0578,-1.9907,-1.9839,-1.9828,-1.3553,-2.7239,-2.2289,-2.3025,-2.4638,-2.6781,-2.8874,-1.0819,-1.0375,-1.3768,-1.5195,-1.6108,-1.4914,0.53932,2.0636,1.7194,1.5766,1.4996,1.5983
3.1416,-2.8773,-2.5147,-2.4913,-2.3851,-2.5883,-1.0847,1.0151,1.2141,1.1866,1.0258,0.65383,0.1197,1.9517,2.1622,1.9943,1.963,1.9271,2.128,2.1926,1.7061,1.7874,1.7723,1.817,1.7324,1.8029,1.9636,1.9299,1.9405,1.9495,1.9868,2.1188,1.7911,1.9031,1.9379,1.9438,1.9685,1.7353,2.0479,2.0714,2.0565,2.0666,2.0675,2.201,2.0647,2.0475,2.0742,2.0884,2.1145,2.0917,1.9419,2.1959,2.2073,2.2152,2.2133,2.1988,2.5001,2.225,2.1911,2.2517,2.2569,2.3079,1.685,2.1798,2.3447,2.3513,2.3085,2.3642,2.1679,-3.0299,2.8531,2.6303,2.6301,2.7602,2.9662,-0.75494,1.5962,2.1762,2.2593,2.4717,2.8063,0.29476,2.0232,2.3178,2.3072,2.311,2.3238,2.528,-2.9091,2.7433,2.5877,2.485,2.5627,-2.8273,1.742,2.3441,2.2742,2.364,2.1173,1.2848,2.7283,-2.9503,-3.0479,2.6921,2.6555,1.8419,-2.9118,-1.6573,-2.2057,-2.4019,2.9804,3.0156,-1.9844,0.2564,1.9166,2.8523,2.9411,2.4587,-0.37415,1.864,2.5299,2.6949,3.0579,2.0581,0.97942,2.9463,-2.3568,-2.7744,3.1416,2.7744,2.3568,-2.9463,-0.97942,-2.0581,-3.0579,-2.6949,-2.5299,-1.864,0.37415,-2.4587,-2.9411,-2.8523,-1.9166,-0.2564,1.9844,-3.0156,-2.9804,2.4019,2.2057,1.6573,2.9118,-1.8419,-2.6555,-2.6921,3.0479,2.9503,-2.7283,-1.2848,-2.1173,-2.364,-2.2742,-2.3441,-1.742,2.8273,-2.5627,-2.485,-2.5877,-2.7433,2.9091,-2.528,-2.3238,-2.311,-2.3072,-2.3178,-2.0232,-0.29476,-2.8063,-2.4717,-2.2593,-2.1762,-1.5962,0.75494,-2.9662,-2.7602,-2.6301,-2.6303,-2.8531,3.0299,-2.1679,-2.3642,-2.3085,-2.3513,-2.3447,-2.1798,-1.685,-2.3079,-2.2569,-2.2517,-2.1911,-2.225,-2.5001,-2.1988,-2.2133,-2.2152,-2.2073,-2.1959,-1.9419,-2.0917,-2.1145,-2.0884,-2.0742,-2.0475,-2.0647,-2.201,-2.0675,-2.0666,-2.0565,-2.0714,-2.0479,-1.7353,-1.9685,-1.9438,-1.9379,-1.9031,-1.7911,-2.1188,-1.9868,-1.9495,-1.9405,-1.9299,-1.9636,-1.8029,-1.7324,-1.817,-1.7723,-1.7874,-1.7061,-2.1926,-2.128,-1.9271,-1.963,-1.9943,-2.1622,-1.9517,-0.1197,-0.65383,-1.0258,-1.1866,-1.2141,-1.0151,1.0847,2.5883,2.3851,2.4913,2.5147,2.8773
3.1416,-3.0899,-2.903,-2.7607,-2.7272,-2.9151,-1.5384,0.61223,0.96092,0.88552,0.78104,0.49063,-0.78035,1.2191,1.7471,1.6278,1.6054,1.5812,1.5427,2.4595,1.487,1.6364,1.6782,1.6677,1.7312,1.332,1.727,1.737,1.766,1.7812,1.7643,1.9681,2.0034,1.8542,1.8802,1.89,1.9176,2.1389,1.6141,1.8569,1.9002,1.9155,1.9321,1.8414,2.0565,2.1231,2.0841,2.053,2.0883,2.0668,2.468,1.914,2.0493,2.1095,2.0988,2.116,1.9042,2.1795,2.2375,2.2312,2.2257,2.2545,2.1855,3.0703,2.2637,2.3226,2.3731,2.4396,2.7721,-0.3239,1.8133,2.0496,2.1783,2.0964,2.3641,0.95898,2.504,2.5735,2.464,2.4221,2.3463,1.167,2.5911,2.899,2.7267,2.6779,2.8335,2.706,-1.878,2.0803,2.426,2.5772,2.4874,2.9904,1.5649,2.6118,2.6418,2.5535,2.4787,2.5658,2.3005,-2.4941,-2.5305,2.851,-3.1115,3.0219,2.5553,-1.7798,-0.66924,-2.3583,-2.111,-3.0199,3.0526,-1.076,0.66396,2.2146,2.2713,-3.0149,-2.7306,0.13304,2.1798,2.4184,2.6535,2.9757,-2.8521,0.71094,2.7214,-2.8491,3.1416,2.8491,-2.7214,-0.71094,2.8521,-2.9757,-2.6535,-2.4184,-2.1798,-0.13304,2.7306,3.0149,-2.2713,-2.2146,-0.66396,1.076,-3.0526,3.0199,2.111,2.3583,0.66924,1.7798,-2.5553,-3.0219,3.1115,-2.851,2.5305,2.4941,-2.3005,-2.5658,-2.4787,-2.5535,-2.6418,-2.6118,-1.5649,-2.9904,-2.4874,-2.5772,-2.426,-2.0803,1.878,-2.706,-2.8335,-2.6779,-2.7267,-2.899,-2.5911,-1.167,-2.3463,-2.4221,-2.464,-2.5735,-2.504,-0.95898,-2.3641,-2.0964,-2.1783,-2.0496,-1.8133,0.3239,-2.7721,-2.4396,-2.3731,-2.3226,-2.2637,-3.0703,-2.1855,-2.2545,-2.2257,-2.2312,-2.2375,-2.1795,-1.9042,-2.116,-2.0988,-2.1095,-2.0493,-1.914,-2.468,-2.0668,-2.0883,-2.053,-2.0841,-2.1231,-2.0565,-1.8414,-1.9321,-1.9155,-1.9002,-1.8569,-1.6141,-2.1389,-1.9176,-1.89,-1.8802,-1.8542,-2.0034,-1.9681,-1.7643,-1.7812,-1.766,-1.737,-1.727,-1.332,-1.7312,-1.6677,-1.6782,-1.6364,-1.487,-2.4595,-1.5427,-1.5812,-1.6054,-1.6278,-1.7471,-1.2191,0.78035,-0.49063,-0.78104,-0.88552,-0.96092,-0.61223,1.5384,2.9151,2.7272,2.7607,2.903,3.0899
3.1416,-3.1324,-3.0845,-3.0134,-3.0504,3.0817,-1.9264,0.25691,0.52744,0.51741,0.32036,-1.9332,-1.5667,0.50616,1.1521,1.0455,1.0165,0.96863,0.79641,1.7895,1.3729,1.2628,1.3177,1.3146,1.4953,1.1929,1.2076,1.2861,1.3896,1.3703,1.3765,1.1456,1.8559,1.6301,1.6451,1.6406,1.6516,1.6837,2.1847,1.6966,1.7471,1.7813,1.8271,2.0074,1.2067,1.7877,1.7777,1.8286,1.8051,1.7641,1.6473,2.1904,2.0526,2.0193,2.0864,2.0743,2.3982,1.9526,1.9729,1.9811,2.083,2.2061,2.9651,1.1566,1.9622,1.9292,1.977,1.9218,1.5434,1.8512,2.9767,2.4247,2.2023,2.1184,2.0157,2.5375,-1.8759,-2.9933,2.2194,2.0682,2.0331,2.242,-2.226,2.7166,-3.0702,-2.9813,2.9999,-2.8195,0.2975,2.3271,2.4274,2.5905,2.5619,1.334,1.9696,-2.9455,2.5264,2.6294,2.754,2.8386,2.5923,-1.5441,2.7356,2.7706,2.6918,2.7819,-3.0004,-1.3047,0.22418,-1.1103,-2.2864,-0.70494,2.693,-1.4534,0.74328,-2.0441,-1.6066,-1.7708,-1.423,-0.65302,1.7205,2.532,-2.2991,-2.4888,-1.2723,-0.21673,1.9979,-2.9567,3.1416,2.9567,-1.9979,0.21673,1.2723,2.4888,2.2991,-2.532,-1.7205,0.65302,1.423,1.7708,1.6066,2.0441,-0.74328,1.4534,-2.693,0.70494,2.2864,1.1103,-0.22418,1.3047,3.0004,-2.7819,-2.6918,-2.7706,-2.7356,1.5441,-2.5923,-2.8386,-2.754,-2.6294,-2.5264,2.9455,-1.9696,-1.334,-2.5619,-2.5905,-2.4274,-2.3271,-0.2975,2.8195,-2.9999,2.9813,3.0702,-2.7166,2.226,-2.242,-2.0331,-2.0682,-2.2194,2.9933,1.8759,-2.5375,-2.0157,-2.1184,-2.2023,-2.4247,-2.9767,-1.8512,-1.5434,-1.9218,-1.977,-1.9292,-1.9622,-1.1566,-2.9651,-2.2061,-2.083,-1.9811,-1.9729,-1.9526,-2.3982,-2.0743,-2.0864,-2.0193,-2.0526,-2.1904,-1.6473,-1.7641,-1.8051,-1.8286,-1.7777,-1.7877,-1.2067,-2.0074,-1.8271,-1.7813,-1.7471,-1.6966,-2.1847,-1.6837,-1.6516,-1.6406,-1.6451,-1.6301,-1.8559,-1.1456,-1.3765,-1.3703,-1.3896,-1.2861,-1.2076,-1.1929,-1.4953,-1.3146,-1.3177,-1.2628,-1.3729,-1.7895,-0.79641,-0.96863,-1.0165,-1.0455,-1.1521,-0.50616,1.5667,1.9332,-0.32036,-0.51741,-0.52744,-0.25691,1.9264,-3.0817,3.0504,3.0134,3.0845,3.1324
3.1416,3.1039,3.1003,3.0965,3.0133,2.7694,-2.3026,-0.16537,0.11777,-0.028466,0.31001,2.8892,-2.4075,-0.22552,0.51466,0.34247,0.33837,0.23075,-0.11392,0.88057,0.85171,0.57117,0.60843,0.55398,0.66873,1.5732,0.1473,0.34479,0.51154,0.41667,0.54034,-0.56372,0.71306,0.74549,0.704,0.68248,0.65716,0.25513,1.3029,1.1062,1.0306,0.99984,1.0316,1.1757,2.932,0.12763,0.95667,1.0575,1.2685,1.5591,-1.4241,0.67652,1.0582,1.0927,1.0986,1.0451,0.4148,2.1261,1.7841,2.0562,1.9099,1.907,1.1378,2.9936,-2.3602,-3.0129,3.1337,3.0204,2.5152,-2.2395,-0.53319,-1.0537,-2.3079,-2.0676,2.9849,-1.7312,0.66905,1.5701,0.86498,1.7815,-3.1118,-2.8914,-0.47232,0.98893,1.9338,-0.03661,1.6385,-0.79526,1.4273,-3.0043,1.9212,2.5283,2.2523,1.2292,2.4393,-2.2921,-2.3589,-2.5746,-3.0603,2.6419,-3.0706,-1.1601,-1.7645,-1.2862,-2.5454,-1.4178,2.9454,-1.1782,0.27746,-0.93177,-0.20064,0.82819,-1.4373,-1.6327,-0.77599,-0.0079935,-1.1337,-0.88149,-1.7601,-1.0226,0.97512,-0.42595,-0.18137,-1.7468,-0.11722,-1.7489,0.57344,0.87623,3.1416,-0.87623,-0.57344,1.7489,0.11722,1.7468,0.18137,0.42595,-0.97512,1.0226,1.7601,0.88149,1.1337,0.0079935,0.77599,1.6327,1.4373,-0.82819,0.20064,0.93177,-0.27746,1.1782,-2.9454,1.4178,2.5454,1.2862,1.7645,1.1601,3.0706,-2.6419,3.0603,2.5746,2.3589,2.2921,-2.4393,-1.2292,-2.2523,-2.5283,-1.9212,3.0043,-1.4273,0.79526,-1.6385,0.03661,-1.9338,-0.98893,0.47232,2.8914,3.1118,-1.7815,-0.86498,-1.5701,-0.66905,1.7312,-2.9849,2.0676,2.3079,1.0537,0.53319,2.2395,-2.5152,-3.0204,-3.1337,3.0129,2.3602,-2.9936,-1.1378,-1.907,-1.9099,-2.0562,-1.7841,-2.1261,-0.4148,-1.0451,-1.0986,-1.0927,-1.0582,-0.67652,1.4241,-1.5591,-1.2685,-1.0575,-0.95667,-0.12763,-2.932,-1.1757,-1.0316,-0.99984,-1.0306,-1.1062,-1.3029,-0.25513,-0.65716,-0.68248,-0.704,-0.74549,-0.71306,0.56372,-0.54034,-0.41667,-0.51154,-0.34479,-0.1473,-1.5732,-0.66873,-0.55398,-0.60843,-0.57117,-0.85171,-0.88057,0.11392,-0.23075,-0.33837,-0.34247,-0.51466,0.22552,2.4075,-2.8892,-0.31001,0.028466,-0.11777,0.16537,2.3026,-2.7694,-3.0133,-3.0965,-3.1003,-3.1039
3.1416,3.0807,3.0226,2.9891,2.8711,2.6025,-2.5938,-0.46994,-0.1466,-0.1321,-0.33144,2.7081,-2.9718,-0.81617,-0.004753,-0.17139,-0.25666,-0.37157,-0.70976,0.00060377,0.042061,-0.20724,-0.27647,-0.32471,-0.33616,0.20672,-0.75711,-0.51195,-0.49361,-0.47579,-0.4909,-1.1459,-0.60164,-0.44128,-0.47952,-0.50555,-0.52033,-0.74714,-0.37916,-0.2842,-0.4059,-0.45659,-0.43268,-0.48061,0.2368,-0.78845,-0.5878,-0.54452,-0.48323,-0.56111,0.099165,-1.0557,-0.6606,-0.59133,-0.68998,-0.58511,-0.92848,-0.58653,-0.37646,-0.44387,-0.48354,-0.43311,-0.76198,-0.13878,0.41977,-0.17519,-0.18884,-0.18959,-0.56651,0.29186,2.4708,-0.38066,-0.59692,-0.091913,-0.23817,0.64987,-2.985,-1.3446,-1.5703,-0.94595,-0.79165,-0.80819,1.5625,-2.357,-1.2701,-1.4739,-1.3449,-0.78714,-2.7551,-1.1057,-0.87954,-0.83395,-1.1097,-1.0521,-1.9804,-0.31101,-0.12584,-0.59208,-0.55411,-0.66736,-1.8049,-0.029503,1.086,0.97095,-1.3767,-0.11381,3.1009,-0.25728,1.8215,2.0558,1.3091,1.7188,1.5213,-1.1311,0.89241,1.705,-2.8637,0.036372,1.2406,-0.98723,1.3736,2.451,2.2062,-1.5647,1.22,-2.1876,0.62856,2.6736,3.1416,-2.6736,-0.62856,2.1876,-1.22,1.5647,-2.2062,-2.451,-1.3736,0.98723,-1.2406,-0.036372,2.8637,-1.705,-0.89241,1.1311,-1.5213,-1.7188,-1.3091,-2.0558,-1.8215,0.25728,-3.1009,0.11381,1.3767,-0.97095,-1.086,0.029503,1.8049,0.66736,0.55411,0.59208,0.12584,0.31101,1.9804,1.0521,1.1097,0.83395,0.87954,1.1057,2.7551,0.78714,1.3449,1.4739,1.2701,2.357,-1.5625,0.80819,0.79165,0.94595,1.5703,1.3446,2.985,-0.64987,0.23817,0.091913,0.59692,0.38066,-2.4708,-0.29186,0.56651,0.18959,0.18884,0.17519,-0.41977,0.13878,0.76198,0.43311,0.48354,0.44387,0.37646,0.58653,0.92848,0.58511,0.68998,0.59133,0.6606,1.0557,-0.099165,0.56111,0.48323,0.54452,0.5878,0.78845,-0.2368,0.48061,0.43268,0.45659,0.4059,0.2842,0.37916,0.74714,0.52033,0.50555,0.47952,0.44128,0.60164,1.1459,0.4909,0.47579,0.49361,0.51195,0.75711,-0.20672,0.33616,0.32471,0.27647,0.20724,-0.042061,-0.00060377,0.70976,0.37157,0.25666,0.17139,0.004753,0.81617,2.9718,-2.7081,0.33144,0.1321,0.1466,0.46994,2.5938,-2.6025,-2.8711,-2.9891,-3.0226,-3.0807
3.1416,3.0411,2.964,2.8502,2.7359,2.4291,-2.8122,-0.67529,-0.41488,-0.41315,-0.44064,0.37576,2.8685,-1.2377,-0.32913,-0.52353,-0.61056,-0.6766,-0.91055,-0.55596,-0.28195,-0.53487,-0.61454,-0.64369,-0.64376,-0.37298,-0.91374,-0.74825,-0.73611,-0.76322,-0.70662,-0.59373,-1.1196,-0.75679,-0.77491,-0.76049,-0.7407,-0.75607,-0.95832,-0.63985,-0.69462,-0.70524,-0.70368,-0.7497,-0.6132,-0.41941,-0.6649,-0.67335,-0.65442,-0.6494,-0.44455,-0.69824,-0.76881,-0.69865,-0.67218,-0.68961,-0.54703,-1.2209,-0.6909,-0.68607,-0.64723,-0.66855,-0.65228,-1.3707,-0.40679,-0.53499,-0.47413,-0.58491,-0.67331,-1.1718,-0.0095146,-0.1913,-0.18274,-0.50457,-0.57316,-1.064,0.25466,1.2225,0.38701,-0.45584,-0.10011,-0.0099071,-1.1354,0.44671,0.30032,0.2981,0.25842,-0.0064028,0.006307,1.2847,0.3175,0.15827,0.38206,0.35476,0.49281,2.5619,-1.1857,-0.49896,0.037537,-0.042751,0.53699,2.473,-1.2551,-0.22392,0.64472,1.6207,1.5581,2.0982,-1.7681,-0.5877,-0.53028,-0.20637,-0.25107,0.335,-2.9476,-0.48335,-0.42706,-0.36687,-0.57451,-0.054829,2.983,-0.66771,-0.011417,-0.094482,0.28099,0.57315,1.7784,-1.526,0,1.526,-1.7784,-0.57315,-0.28099,0.094482,0.011417,0.66771,-2.983,0.054829,0.57451,0.36687,0.42706,0.48335,2.9476,-0.335,0.25107,0.20637,0.53028,0.5877,1.7681,-2.0982,-1.5581,-1.6207,-0.64472,0.22392,1.2551,-2.473,-0.53699,0.042751,-0.037537,0.49896,1.1857,-2.5619,-0.49281,-0.35476,-0.38206,-0.15827,-0.3175,-1.2847,-0.006307,0.0064028,-0.25842,-0.2981,-0.30032,-0.44671,1.1354,0.0099071,0.10011,0.45584,-0.38701,-1.2225,-0.25466,1.064,0.57316,0.50457,0.18274,0.1913,0.0095146,1.1718,0.67331,0.58491,0.47413,0.53499,0.40679,1.3707,0.65228,0.66855,0.64723,0.68607,0.6909,1.2209,0.54703,0.68961,0.67218,0.69865,0.76881,0.69824,0.44455,0.6494,0.65442,0.67335,0.6649,0.41941,0.6132,0.7497,0.70368,0.70524,0.69462,0.63985,0.95832,0.75607,0.7407,0.76049,0.77491,0.75679,1.1196,0.59373,0.70662,0.76322,0.73611,0.74825,0.91374,0.37298,0.64376,0.64369,0.61454,0.53487,0.28195,0.55596,0.91055,0.6766,0.61056,0.52353,0.32913,1.2377,-2.8685,-0.37576,0.44064,0.41315,0.41488,0.67529,2.8122,-2.4291,-2.7359,-2.8502,-2.964,-3.0411
3.1416,2.9975,2.9019,2.7829,2.6359,2.3545,-2.9717,-0.82318,-0.5377,-0.46719,-0.61445,0.22992,2.5586,-1.5457,-0.56495,-0.79022,-0.82772,-0.87659,-1.0193,-0.87131,-0.55049,-0.75964,-0.81381,-0.8457,-0.83276,-0.64523,-0.98001,-0.89926,-0.89626,-0.86853,-0.86723,-0.68897,-1.3097,-0.94193,-0.92388,-0.91683,-0.91077,-0.90503,-1.1564,-0.84935,-0.89673,-0.89354,-0.88507,-0.88755,-0.98586,-0.56351,-0.80184,-0.81636,-0.7953,-0.79244,-0.84967,-0.48384,-0.78044,-0.75398,-0.75612,-0.72549,-0.67794,-0.78812,-0.91607,-0.76757,-0.74097,-0.71136,-0.69089,-0.55411,-1.0836,-0.76118,-0.74814,-0.81249,-0.72759,-0.91177,-1.084,-0.43717,-0.64967,-0.83183,-0.8715,-0.99737,-1.2991,0.10316,-0.021406,-0.32522,-0.27962,-0.062497,2.5389,-1.0589,-0.51694,-0.40227,-0.55454,-0.53162,-0.60265,-0.16757,-0.030779,-0.29731,-0.32348,-0.2994,-0.56116,0.0075491,0.89051,0.004034,-0.1925,-0.013839,0.064996,0.029271,2.4845,-0.59084,-0.16082,-0.43545,-0.35478,-0.47248,1.4032,-3.1363,-2.4189,-0.56557,0.32289,0.45122,0.071338,2.9246,-0.32562,-0.15685,-0.055763,-0.49709,0.23859,2.4477,-1.517,-0.43861,-0.10133,-0.92917,-1.0619,0.9461,3.1416,-0.9461,1.0619,0.92917,0.10133,0.43861,1.517,-2.4477,-0.23859,0.49709,0.055763,0.15685,0.32562,-2.9246,-0.071338,-0.45122,-0.32289,0.56557,2.4189,3.1363,-1.4032,0.47248,0.35478,0.43545,0.16082,0.59084,-2.4845,-0.029271,-0.064996,0.013839,0.1925,-0.004034,-0.89051,-0.0075491,0.56116,0.2994,0.32348,0.29731,0.030779,0.16757,0.60265,0.53162,0.55454,0.40227,0.51694,1.0589,-2.5389,0.062497,0.27962,0.32522,0.021406,-0.10316,1.2991,0.99737,0.8715,0.83183,0.64967,0.43717,1.084,0.91177,0.72759,0.81249,0.74814,0.76118,1.0836,0.55411,0.69089,0.71136,0.74097,0.76757,0.91607,0.78812,0.67794,0.72549,0.75612,0.75398,0.78044,0.48384,0.84967,0.79244,0.7953,0.81636,0.80184,0.56351,0.98586,0.88755,0.88507,0.89354,0.89673,0.84935,1.1564,0.90503,0.91077,0.91683,0.92388,0.94193,1.3097,0.68897,0.86723,0.86853,0.89626,0.89926,0.98001,0.64523,0.83276,0.8457,0.81381,0.75964,0.55049,0.87131,1.0193,0.87659,0.82772,0.79022,0.56495,1.5457,-2.5586,-0.22992,0.61445,0.46719,0.5377,0.82318,2.9717,-2.3545,-2.6359,-2.7829,-2.9019,-2.9975
3.1416,2.9365,2.8568,2.7217,2.4707,2.1789,-3.1057,-0.95798,-0.69623,-0.68189,-0.68677,-0.11486,2.2034,-1.8152,-0.80131,-1.0002,-1.028,-1.047,-1.1915,-1.1306,-0.76277,-0.95741,-0.97461,-0.98714,-1.0043,-0.87006,-0.9811,-0.99499,-0.98705,-0.96642,-0.96163,-0.82995,-1.1929,-1.0276,-0.99384,-0.96407,-0.94393,-0.92103,-1.1406,-0.99107,-0.96361,-0.94637,-0.93942,-0.92723,-1.0904,-0.7876,-0.85803,-0.86838,-0.86238,-0.86233,-0.91636,-0.67106,-0.75304,-0.74996,-0.76333,-0.75803,-0.72532,-0.39828,-0.84252,-0.74255,-0.68083,-0.67741,-0.6275,-0.23679,-1.0959,-0.7203,-0.70527,-0.60996,-0.58952,-0.24352,-1.6885,-0.6618,-0.63784,-0.64849,-0.39805,-0.03806,-2.7644,-0.69604,-0.63973,-0.59445,-0.62742,-0.50908,0.14119,-2.4463,-0.70354,-0.7054,-0.41963,-0.64253,-0.44492,-1.1532,-0.48167,-0.61563,-0.64559,-0.48414,-0.45707,-1.5654,-0.1532,-0.43194,-0.2248,-0.93922,-0.74578,-1.1387,0.27717,-0.40459,-0.062394,0.40523,2.157,-2.9028,-0.92366,0.71967,0.23376,0.19262,-0.56063,-0.20189,-0.823,0.16141,-0.17151,0.131,0.1785,0.17366,-2.0059,-0.15411,0.099918,-0.17034,-0.05915,0.083728,0.63177,-1.3889,0,1.3889,-0.63177,-0.083728,0.05915,0.17034,-0.099918,0.15411,2.0059,-0.17366,-0.1785,-0.131,0.17151,-0.16141,0.823,0.20189,0.56063,-0.19262,-0.23376,-0.71967,0.92366,2.9028,-2.157,-0.40523,0.062394,0.40459,-0.27717,1.1387,0.74578,0.93922,0.2248,0.43194,0.1532,1.5654,0.45707,0.48414,0.64559,0.61563,0.48167,1.1532,0.44492,0.64253,0.41963,0.7054,0.70354,2.4463,-0.14119,0.50908,0.62742,0.59445,0.63973,0.69604,2.7644,0.03806,0.39805,0.64849,0.63784,0.6618,1.6885,0.24352,0.58952,0.60996,0.70527,0.7203,1.0959,0.23679,0.6275,0.67741,0.68083,0.74255,0.84252,0.39828,0.72532,0.75803,0.76333,0.74996,0.75304,0.67106,0.91636,0.86233,0.86238,0.86838,0.85803,0.7876,1.0904,0.92723,0.93942,0.94637,0.96361,0.99107,1.1406,0.92103,0.94393,0.96407,0.99384,1.0276,1.1929,0.82995,0.96163,0.96642,0.98705,0.99499,0.9811,0.87006,1.0043,0.98714,0.97461,0.95741,0.76277,1.1306,1.1915,1.047,1.028,1.0002,0.80131,1.8152,-2.2034,0.11486,0.68677,0.68189,0.69623,0.95798,3.1057,-2.1789,-2.4707,-2.7217,-2.8568,-2.9365
3.1416,2.6796,2.5568,2.1914,2.1424,1.874,2.9964,-1.1267,-0.86588,-0.84884,-0.76053,-0.082895,1.8034,-2.1517,-1.1559,-1.3153,-1.2893,-1.3069,-1.4412,-1.5064,-1.106,-1.2119,-1.2213,-1.218,-1.2336,-1.1514,-1.1121,-1.1669,-1.1642,-1.1633,-1.1451,-1.0487,-1.0838,-1.1237,-1.1288,-1.118,-1.0767,-1.0457,-1.0345,-1.1275,-1.0824,-1.0541,-1.0314,-0.99182,-1.1269,-1.0685,-1.041,-1.0281,-0.99075,-0.98897,-1.0729,-1.0488,-0.9662,-0.98867,-0.97631,-0.99235,-1.059,-0.86831,-0.9132,-0.89454,-0.89122,-0.92157,-1.0076,-0.95188,-0.68965,-0.87393,-0.848,-0.87894,-0.879,-0.76713,-0.2767,-0.74787,-0.7816,-0.83672,-0.90957,-0.81478,0.45848,-1.1302,-0.4577,-0.57402,-0.72996,-0.91373,-1.0501,0.11515,-0.66571,-0.74426,-0.66611,-0.69134,-0.53957,-0.30825,-0.5394,-0.40045,-0.56814,-0.61828,-0.64505,0.35512,-0.79335,-0.59617,-0.47215,-0.47923,-0.23154,0.82692,-0.98957,-0.22116,-0.93526,-0.99053,-1.0481,-0.45172,2.1713,-0.48732,-0.5301,-0.87771,-0.4209,-0.19034,0.66397,0.24628,0.080531,-0.11539,-0.43731,-0.97434,-0.33048,-0.2581,-0.26588,-0.16085,-0.58739,-0.69268,-0.65244,0.79979,0,-0.79979,0.65244,0.69268,0.58739,0.16085,0.26588,0.2581,0.33048,0.97434,0.43731,0.11539,-0.080531,-0.24628,-0.66397,0.19034,0.4209,0.87771,0.5301,0.48732,-2.1713,0.45172,1.0481,0.99053,0.93526,0.22116,0.98957,-0.82692,0.23154,0.47923,0.47215,0.59617,0.79335,-0.35512,0.64505,0.61828,0.56814,0.40045,0.5394,0.30825,0.53957,0.69134,0.66611,0.74426,0.66571,-0.11515,1.0501,0.91373,0.72996,0.57402,0.4577,1.1302,-0.45848,0.81478,0.90957,0.83672,0.7816,0.74787,0.2767,0.76713,0.879,0.87894,0.848,0.87393,0.68965,0.95188,1.0076,0.92157,0.89122,0.89454,0.9132,0.86831,1.059,0.99235,0.97631,0.98867,0.9662,1.0488,1.0729,0.98897,0.99075,1.0281,1.041,1.0685,1.1269,0.99182,1.0314,1.0541,1.0824,1.1275,1.0345,1.0457,1.0767,1.118,1.1288,1.1237,1.0838,1.0487,1.1451,1.1633,1.1642,1.1669,1.1121,1.1514,1.2336,1.218,1.2213,1.2119,1.106,1.5064,1.4412,1.3069,1.2893,1.3153,1.1559,2.1517,-1.8034,0.082895,0.76053,0.84884,0.86588,1.1267,-2.9964,-1.874,-2.1424,-2.1914,-2.5568,-2.6796
0,1.202,1.3407,1.3795,1.3642,1.1659,2.6409,-1.455,-1.2569,-1.1055,-0.94974,-0.67897,0.91392,-2.8032,-1.813,-1.701,-1.6392,-1.5245,-1.3905,-2.1062,-1.5438,-1.5203,-1.4895,-1.4633,-1.439,-1.5633,-1.3521,-1.3566,-1.3683,-1.3347,-1.3736,-1.4527,-1.1528,-1.2494,-1.2433,-1.228,-1.2373,-1.3309,-1.083,-1.1448,-1.159,-1.1358,-1.1394,-1.1913,-0.94289,-1.0554,-1.0561,-1.0486,-1.0599,-1.0822,-0.8866,-0.9731,-0.9703,-0.96099,-0.94446,-0.95665,-0.76829,-0.97826,-0.90273,-0.91522,-0.90065,-0.90687,-0.77217,-0.5805,-0.77484,-0.79957,-0.78845,-0.85662,-0.77229,-0.2448,-0.77333,-0.80414,-0.68972,-0.67713,-0.73759,0.21956,-1.2488,-0.78622,-1.0518,-0.49527,-1.5142,-1.1285,-0.16187,-0.51906,-0.52361,-0.58697,-0.48653,-0.34261,0.14452,-0.55421,-0.46435,-0.6251,-0.5291,-1.0079,-0.46222,-0.46739,-0.38213,-0.26236,-0.43724,-0.78285,-0.064121,3.0079,-0.52282,-0.88144,-0.14598,-1.6204,-1.3431,0.099868,-0.0060546,-0.0048462,0.27591,0.33266,2.5806,-0.465,0.24448,0.015273,-0.40188,0.12159,-0.079951,-1.1622,-0.025567,-0.19612,0.22942,-0.17527,0.3494,1.9411,-0.0060441,-2.26,0,2.26,0.0060441,-1.9411,-0.3494,0.17527,-0.22942,0.19612,0.025567,1.1622,0.079951,-0.12159,0.40188,-0.015273,-0.24448,0.465,-2.5806,-0.33266,-0.27591,0.0048462,0.0060546,-0.099868,1.3431,1.6204,0.14598,0.88144,0.52282,-3.0079,0.064121,0.78285,0.43724,0.26236,0.38213,0.46739,0.46222,1.0079,0.5291,0.6251,0.46435,0.55421,-0.14452,0.34261,0.48653,0.58697,0.52361,0.51906,0.16187,1.1285,1.5142,0.49527,1.0518,0.78622,1.2488,-0.21956,0.73759,0.67713,0.68972,0.80414,0.77333,0.2448,0.77229,0.85662,0.78845,0.79957,0.77484,0.5805,0.77217,0.90687,0.90065,0.91522,0.90273,0.97826,0.76829,0.95665,0.94446,0.96099,0.9703,0.9731,0.8866,1.0822,1.0599,1.0486,1.0561,1.0554,0.94289,1.1913,1.1394,1.1358,1.159,1.1448,1.083,1.3309,1.2373,1.228,1.2433,1.2494,1.1528,1.4527,1.3736,1.3347,1.3683,1.3566,1.3521,1.5633,1.439,1.4633,1.4895,1.5203,1.5438,2.1062,1.3905,1.5245,1.6392,1.701,1.813,2.8032,-0.91392,0.67897,0.94974,1.1055,1.2569,1.455,-2.6409,-1.1659,-1.3642,-1.3795,-1.3407,-1.202
0,0.37969,0.52344,0.65553,0.79859,0.66392,2.1826,-1.9121,-1.5769,-1.4531,-1.3005,-1.0933,-0.029541,2.5696,-2.3905,-2.1536,-1.9993,-1.8412,-1.3442,-3.1113,-1.9106,-1.7894,-1.7247,-1.7101,-1.5445,-1.7239,-1.6097,-1.5592,-1.5118,-1.4877,-1.3968,-1.4557,-1.5542,-1.3893,-1.3895,-1.3312,-1.3269,-1.101,-1.5054,-1.2893,-1.2502,-1.2249,-1.1901,-1.0547,-1.4958,-1.1987,-1.1607,-1.1369,-1.1096,-1.0354,-1.1554,-1.0849,-1.0411,-1.0183,-0.97428,-0.92577,-1.1115,-1.087,-0.98736,-0.89869,-0.89026,-0.89252,-0.39898,-1.2542,-0.86699,-0.91013,-0.8057,-0.74852,-0.54599,-1.4657,-1.0419,-0.81009,-0.78453,-0.82036,-0.54797,1.1011,-1.0126,-1.2577,-0.874,-0.61869,-0.43185,-1.146,0.21682,-0.83708,-0.36434,-0.64897,-1.1414,-0.65696,-0.1636,-0.22891,-0.49257,-0.64998,-0.39613,-0.46289,-0.60173,-0.33516,-0.31033,-0.31666,-0.8828,-1.2474,-0.62585,-0.13785,0.66143,-0.29664,-0.50482,0.51522,-3.0033,-0.28393,-0.98415,-0.054324,0.43952,1.0449,0.69075,-2.8588,-0.96009,0.21931,-0.82597,-1.1979,-0.51459,0.6388,0.69501,-1.073,-0.24994,0.071145,1.3918,-0.19222,1.6996,-0.71971,0,0.71971,-1.6996,0.19222,-1.3918,-0.071145,0.24994,1.073,-0.69501,-0.6388,0.51459,1.1979,0.82597,-0.21931,0.96009,2.8588,-0.69075,-1.0449,-0.43952,0.054324,0.98415,0.28393,3.0033,-0.51522,0.50482,0.29664,-0.66143,0.13785,0.62585,1.2474,0.8828,0.31666,0.31033,0.33516,0.60173,0.46289,0.39613,0.64998,0.49257,0.22891,0.1636,0.65696,1.1414,0.64897,0.36434,0.83708,-0.21682,1.146,0.43185,0.61869,0.874,1.2577,1.0126,-1.1011,0.54797,0.82036,0.78453,0.81009,1.0419,1.4657,0.54599,0.74852,0.8057,0.91013,0.86699,1.2542,0.39898,0.89252,0.89026,0.89869,0.98736,1.087,1.1115,0.92577,0.97428,1.0183,1.0411,1.0849,1.1554,1.0354,1.1096,1.1369,1.1607,1.1987,1.4958,1.0547,1.1901,1.2249,1.2502,1.2893,1.5054,1.101,1.3269,1.3312,1.3895,1.3893,1.5542,1.4557,1.3968,1.4877,1.5118,1.5592,1.6097,1.7239,1.5445,1.7101,1.7247,1.7894,1.9106,3.1113,1.3442,1.8412,1.9993,2.1536,2.3905,-2.5696,0.029541,1.0933,1.3005,1.4531,1.5769,1.9121,-2.1826,-0.66392,-0.79859,-0.65553,-0.52344,-0.37969
0,0.1667,0.34679,0.42762,0.45023,0.3032,1.7538,-2.3252,-1.9743,-1.8389,-1.6909,-1.6144,-0.79847,1.665,-3.0294,-2.7167,-2.4702,-2.3011,-1.9124,0.17693,-2.5034,-2.0556,-2.0091,-1.9397,-1.8753,-1.3642,-1.9331,-1.7392,-1.6741,-1.6566,-1.6387,-1.1932,-1.7852,-1.6325,-1.6157,-1.5466,-1.5437,-1.4946,-1.0654,-1.4076,-1.4039,-1.3837,-1.3459,-1.4565,-0.85179,-1.3295,-1.3242,-1.3203,-1.313,-1.289,-1.1919,-0.99888,-1.1503,-1.102,-1.183,-1.1175,-1.2242,-0.68641,-1.0891,-1.1402,-1.1282,-1.1474,-1.6449,-1.0335,-0.8185,-0.85757,-0.80084,-0.94353,-0.68063,-1.3788,-0.69479,-0.74417,-0.7104,-0.73885,-0.47731,-3.058,-1.0542,-1.1754,-0.88915,-0.20984,-0.80198,-0.55875,0.95361,-0.85622,-0.22927,0.16459,-1.0439,-0.99968,0.43765,-0.83988,-0.87529,-1.0586,-0.46102,-0.78829,-0.65033,0.030871,-0.25955,-0.063694,-2.8618,-0.52174,-1.1659,0.81856,0.18145,-0.52965,-1.2501,0.81215,2.2442,-1.6579,-0.86725,-1.1159,-0.70553,0.86216,-0.43421,1.7943,-0.56034,-0.093461,-0.029817,-2.9094,-1.2322,-0.3229,0.80025,1.2437,2.0408,-1.4323,1.6783,-1.7942,-0.47951,0.23463,0,-0.23463,0.47951,1.7942,-1.6783,1.4323,-2.0408,-1.2437,-0.80025,0.3229,1.2322,2.9094,0.029817,0.093461,0.56034,-1.7943,0.43421,-0.86216,0.70553,1.1159,0.86725,1.6579,-2.2442,-0.81215,1.2501,0.52965,-0.18145,-0.81856,1.1659,0.52174,2.8618,0.063694,0.25955,-0.030871,0.65033,0.78829,0.46102,1.0586,0.87529,0.83988,-0.43765,0.99968,1.0439,-0.16459,0.22927,0.85622,-0.95361,0.55875,0.80198,0.20984,0.88915,1.1754,1.0542,3.058,0.47731,0.73885,0.7104,0.74417,0.69479,1.3788,0.68063,0.94353,0.80084,0.85757,0.8185,1.0335,1.6449,1.1474,1.1282,1.1402,1.0891,0.68641,1.2242,1.1175,1.183,1.102,1.1503,0.99888,1.1919,1.289,1.313,1.3203,1.3242,1.3295,0.85179,1.4565,1.3459,1.3837,1.4039,1.4076,1.0654,1.4946,1.5437,1.5466,1.6157,1.6325,1.7852,1.1932,1.6387,1.6566,1.6741,1.7392,1.9331,1.3642,1.8753,1.9397,2.0091,2.0556,2.5034,-0.17693,1.9124,2.3011,2.4702,2.7167,3.0294,-1.665,0.79847,1.6144,1.6909,1.8389,1.9743,2.3252,-1.7538,-0.3032,-0.45023,-0.42762,-0.34679,-0.1667
0,0.11278,0.2146,0.24407,0.28305,0.099935,1.4142,-2.6629,-2.2227,-2.1325,-2.0264,-1.975,-1.4276,0.94427,2.5729,2.9149,-2.978,-2.8594,-2.5417,-0.73132,-3.1267,-2.3891,-2.2847,-2.0893,-2.1498,-1.7232,-1.852,-1.9367,-1.9308,-1.9222,-1.8364,-1.89,-0.94076,-1.5734,-1.6039,-1.6227,-1.6054,-2.1269,-1.547,-1.2812,-1.436,-1.4267,-1.5109,-1.593,-1.6,-0.97982,-1.1914,-1.2376,-1.0788,-1.0991,-1.9426,-1.4014,-1.1397,-1.1061,-1.1988,-1.0664,-1.0272,-1.3448,-1.0158,-0.93873,-1.0379,-0.76383,-0.71508,1.2604,-1.653,-1.2105,-0.89983,-1.1006,-1.1986,-0.15748,-1.7101,-0.97464,-0.92943,-1.0004,-0.72148,-1.0575,0.68929,1.0005,-3.03,0.20056,1.1134,1.3443,-2.7254,-1.3098,-1.5609,-0.15315,-1.3867,-1.4122,-2.7092,-1.5067,-1.1369,-0.88234,-0.60802,-0.41175,0.55472,3.0779,-1.0847,-1.0461,-1.132,-0.21404,-1.2316,1.3602,2.7322,-2.2793,-2.4197,-2.194,-1.9719,-0.97526,0.86355,-1.5356,-1.1161,0.2573,-0.6704,1.1042,-2.9401,-0.7411,-0.30029,0.10062,0.48892,-0.45853,1.6741,0.72451,2.6846,2.4883,-1.6117,2.9618,-0.94881,0.53323,0,-0.53323,0.94881,-2.9618,1.6117,-2.4883,-2.6846,-0.72451,-1.6741,0.45853,-0.48892,-0.10062,0.30029,0.7411,2.9401,-1.1042,0.6704,-0.2573,1.1161,1.5356,-0.86355,0.97526,1.9719,2.194,2.4197,2.2793,-2.7322,-1.3602,1.2316,0.21404,1.132,1.0461,1.0847,-3.0779,-0.55472,0.41175,0.60802,0.88234,1.1369,1.5067,2.7092,1.4122,1.3867,0.15315,1.5609,1.3098,2.7254,-1.3443,-1.1134,-0.20056,3.03,-1.0005,-0.68929,1.0575,0.72148,1.0004,0.92943,0.97464,1.7101,0.15748,1.1986,1.1006,0.89983,1.2105,1.653,-1.2604,0.71508,0.76383,1.0379,0.93873,1.0158,1.3448,1.0272,1.0664,1.1988,1.1061,1.1397,1.4014,1.9426,1.0991,1.0788,1.2376,1.1914,0.97982,1.6,1.593,1.5109,1.4267,1.436,1.2812,1.547,2.1269,1.6054,1.6227,1.6039,1.5734,0.94076,1.89,1.8364,1.9222,1.9308,1.9367,1.852,1.7232,2.1498,2.0893,2.2847,2.3891,3.1267,0.73132,2.5417,2.8594,2.978,-2.9149,-2.5729,-0.94427,1.4276,1.975,2.0264,2.1325,2.2227,2.6629,-1.4142,-0.099935,-0.28305,-0.24407,-0.2146,-0.11278
0,0.047097,0.047831,0.063773,0.08378,-0.14912,1.1176,-2.9708,-2.6524,-2.5827,-2.5107,-2.4479,-1.9234,0.34354,1.8261,1.9129,2.1076,2.396,2.5828,-1.6586,1.7554,2.9717,-2.9248,2.8242,3.0858,-2.684,-1.9879,-2.9648,-3.0695,-3.1229,2.6595,2.7552,-1.8435,-2.3043,-2.4393,-2.378,-2.1659,-0.24735,-3.0854,-2.0244,-2.2753,-2.1447,-1.9515,-0.60426,2.3122,-2.3141,-2.3076,-2.3218,-2.3439,-2.4622,-0.97641,2.7119,-2.7372,-2.1962,-2.0382,-1.7327,-0.74288,1.5111,-2.9831,-1.5555,2.5673,2.6514,2.6571,-1.5673,0.4481,0.96039,-2.4609,2.9888,-2.7113,-2.0848,-0.13168,-0.085724,-0.1654,-0.003093,0.4319,1.7613,-2.4949,-1.2132,-0.40274,-1.2822,0.033317,2.78,-1.0845,0.4615,1.1606,2.0629,2.0101,-3.0931,-1.4649,0.35958,1.0327,-2.7333,-1.2909,-0.88999,1.875,-1.6521,-1.0171,-0.64066,0.064187,0.44295,1.8198,-2.6981,-0.5278,-0.58562,1.8017,2.2712,-2.4071,-0.30223,1.1639,1.8781,1.9617,1.9927,-3.0032,0.69028,-0.37796,-2.9791,-3.0116,-1.8313,-1.2747,0.37873,2.4142,-2.286,-2.806,-2.6776,-2.2575,-1.9864,-0.85148,-0.3237,0,0.3237,0.85148,1.9864,2.2575,2.6776,2.806,2.286,-2.4142,-0.37873,1.2747,1.8313,3.0116,2.9791,0.37796,-0.69028,3.0032,-1.9927,-1.9617,-1.8781,-1.1639,0.30223,2.4071,-2.2712,-1.8017,0.58562,0.5278,2.6981,-1.8198,-0.44295,-0.064187,0.64066,1.0171,1.6521,-1.875,0.88999,1.2909,2.7333,-1.0327,-0.35958,1.4649,3.0931,-2.0101,-2.0629,-1.1606,-0.4615,1.0845,-2.78,-0.033317,1.2822,0.40274,1.2132,2.4949,-1.7613,-0.4319,0.003093,0.1654,0.085724,0.13168,2.0848,2.7113,-2.9888,2.4609,-0.96039,-0.4481,1.5673,-2.6571,-2.6514,-2.5673,1.5555,2.9831,-1.5111,0.74288,1.7327,2.0382,2.1962,2.7372,-2.7119,0.97641,2.4622,2.3439,2.3218,2.3076,2.3141,-2.3122,0.60426,1.9515,2.1447,2.2753,2.0244,3.0854,0.24735,2.1659,2.378,2.4393,2.3043,1.8435,-2.7552,-2.6595,3.1229,3.0695,2.9648,1.9879,2.684,-3.0858,-2.8242,2.9248,-2.9717,-1.7554,1.6586,-2.5828,-2.396,-2.1076,-1.9129,-1.8261,-0.34354,1.9234,2.4479,2.5107,2.5827,2.6524,2.9708,-1.1176,0.14912,-0.08378,-0.063773,-0.047831,-0.047097
0,0.025056,-0.10724,-0.10005,-0.24753,-0.54098,0.76533,2.9119,3.04,3.0911,3.0941,2.8372,-2.6875,-0.4209,0.76905,1.0746,1.5208,1.4301,1.8245,-2.8395,2.5732,2.7495,2.4106,2.6448,2.1279,2.4492,2.8363,2.6621,2.4882,2.6645,2.3577,1.4688,2.8109,2.6935,2.6892,2.6003,2.7425,-2.8201,1.6848,2.3226,2.5621,2.5557,2.5418,2.7753,-0.22617,2.4659,2.4437,2.4207,2.4566,2.3154,2.6979,-2.9844,2.6597,2.7595,2.5191,2.8579,2.303,-2.9981,2.6703,3.0997,2.6666,-3.1343,-1.9332,1.5776,2.7398,2.7975,2.8206,2.4949,3.0295,-1.8411,-2.5344,2.269,2.8645,2.7231,1.5927,-2.9805,-0.078321,-2.6221,-1.718,1.4603,-2.4174,-0.93454,0.90138,2.0313,2.5558,1.6507,-3.1278,2.7004,0.1292,3.0192,2.678,1.9349,2.9797,1.9718,-3.1125,-1.428,-1.9947,-2.8583,-1.1764,-1.5703,1.2237,-0.60448,2.569,-2.9768,0.33546,-2.8759,-2.2454,0.33529,-3.0742,-2.7445,0.047092,3.0263,0.021873,1.6504,2.8155,2.9966,-1.1367,2.6546,-3.0237,-0.66408,-3.0026,0.50597,1.2511,-3.1277,0.21065,2.262,-1.8395,-3.057,0,3.057,1.8395,-2.262,-0.21065,3.1277,-1.2511,-0.50597,3.0026,0.66408,3.0237,-2.6546,1.1367,-2.9966,-2.8155,-1.6504,-0.021873,-3.0263,-0.047092,2.7445,3.0742,-0.33529,2.2454,2.8759,-0.33546,2.9768,-2.569,0.60448,-1.2237,1.5703,1.1764,2.8583,1.9947,1.428,3.1125,-1.9718,-2.9797,-1.9349,-2.678,-3.0192,-0.1292,-2.7004,3.1278,-1.6507,-2.5558,-2.0313,-0.90138,0.93454,2.4174,-1.4603,1.718,2.6221,0.078321,2.9805,-1.5927,-2.7231,-2.8645,-2.269,2.5344,1.8411,-3.0295,-2.4949,-2.8206,-2.7975,-2.7398,-1.5776,1.9332,3.1343,-2.6666,-3.0997,-2.6703,2.9981,-2.303,-2.8579,-2.5191,-2.7595,-2.6597,2.9844,-2.6979,-2.3154,-2.4566,-2.4207,-2.4437,-2.4659,0.22617,-2.7753,-2.5418,-2.5557,-2.5621,-2.3226,-1.6848,2.8201,-2.7425,-2.6003,-2.6892,-2.6935,-2.8109,-1.4688,-2.3577,-2.6645,-2.4882,-2.6621,-2.8363,-2.4492,-2.1279,-2.6448,-2.4106,-2.7495,-2.5732,2.8395,-1.8245,-1.4301,-1.5208,-1.0746,-0.76905,0.4209,2.6875,-2.8372,-3.0941,-3.0911,-3.04,-2.9119,-0.76533,0.54098,0.24753,0.10005,0.10724,-0.025056
0,-0.023446,-0.25552,-0.34792,-0.47834,-0.79647,0.41375,2.5257,2.7436,2.6751,2.6414,2.5387,2.8779,-1.2128,0.24238,0.6948,1.4965,1.4253,1.025,2.4086,2.7358,2.3465,2.2981,2.31,2.2702,1.9793,2.427,2.3104,2.2505,2.3288,2.3981,3.1377,1.8074,2.0803,2.1236,2.1562,2.2406,2.1843,2.7824,2.1755,2.2015,2.1833,2.2027,2.0305,2.4943,2.4568,2.3448,2.3495,2.2728,2.4329,2.097,2.3034,2.2524,2.319,2.2913,2.3678,2.5178,2.0272,2.2405,2.2256,2.3025,2.2244,1.7936,2.8827,2.4556,2.4977,2.5789,2.5006,2.3242,1.8643,2.8061,2.6657,2.5992,2.4886,2.7814,-2.1121,1.754,2.096,1.6914,1.6147,2.7617,-0.30065,2.3833,2.885,2.2324,1.9238,3.0521,-2.2502,0.60178,1.7586,1.4171,1.91,2.4885,1.4814,-3.108,1.4716,2.0799,2.3314,-2.0921,1.4668,1.4868,2.5735,2.3561,3.0747,-2.9476,1.7801,2.9771,-3.0165,-2.026,-2.6932,-1.6547,1.0731,-2.9625,1.3864,3.0377,-2.9551,-2.7282,2.1248,2.6024,-2.4166,-0.77203,-2.819,-1.179,1.5494,2.2452,0.72666,-2.8164,-1.7993,0,1.7993,2.8164,-0.72666,-2.2452,-1.5494,1.179,2.819,0.77203,2.4166,-2.6024,-2.1248,2.7282,2.9551,-3.0377,-1.3864,2.9625,-1.0731,1.6547,2.6932,2.026,3.0165,-2.9771,-1.7801,2.9476,-3.0747,-2.3561,-2.5735,-1.4868,-1.4668,2.0921,-2.3314,-2.0799,-1.4716,3.108,-1.4814,-2.4885,-1.91,-1.4171,-1.7586,-0.60178,2.2502,-3.0521,-1.9238,-2.2324,-2.885,-2.3833,0.30065,-2.7617,-1.6147,-1.6914,-2.096,-1.754,2.1121,-2.7814,-2.4886,-2.5992,-2.6657,-2.8061,-1.8643,-2.3242,-2.5006,-2.5789,-2.4977,-2.4556,-2.8827,-1.7936,-2.2244,-2.3025,-2.2256,-2.2405,-2.0272,-2.5178,-2.3678,-2.2913,-2.319,-2.2524,-2.3034,-2.097,-2.4329,-2.2728,-2.3495,-2.3448,-2.4568,-2.4943,-2.0305,-2.2027,-2.1833,-2.2015,-2.1755,-2.7824,-2.1843,-2.2406,-2.1562,-2.1236,-2.0803,-1.8074,-3.1377,-2.3981,-2.3288,-2.2505,-2.3104,-2.427,-1.9793,-2.2702,-2.31,-2.2981,-2.3465,-2.7358,-2.4086,-1.025,-1.4253,-1.4965,-0.6948,-0.24238,1.2128,-2.8779,-2.5387,-2.6414,-2.6751,-2.7436,-2.5257,-0.41375,0.79647,0.47834,0.34792,0.25552,0.023446
0,-0.067317,-0.45352,-0.5337,-0.77885,-1.0956,0.094905,2.2159,2.3831,2.2238,2.1579,2.0378,2.2501,-1.9369,-0.88084,2.8837,2.3902,2.2774,1.9699,1.8046,2.4203,2.2571,2.2144,2.1762,2.2336,2.1251,2.119,2.1306,2.1884,2.1468,2.1863,2.398,2.224,2.2028,2.1866,2.242,2.2343,1.9515,2.2408,2.3244,2.2815,2.2745,2.2272,2.2879,1.9866,2.2794,2.2052,2.2654,2.2525,2.2853,2.4063,2.3651,2.2838,2.3598,2.3198,2.39,2.2866,2.4824,2.3823,2.4566,2.4625,2.5752,2.5928,2.0607,2.4162,2.5102,2.4679,2.5406,2.1937,2.8394,2.5684,2.5541,2.5094,2.5618,2.6469,0.79636,2.5106,1.9512,2.8048,1.9235,1.6564,2.1602,-2.7366,-2.6045,2.6406,2.9159,2.3034,-3.0941,1.6988,3.1064,2.0177,2.6789,2.4332,2.6699,-2.7878,1.7807,2.1446,2.0665,2.0043,2.9568,1.3611,2.8536,2.2525,-3.0426,2.5799,2.92,2.4294,-1.8019,0.949,2.9543,2.0739,2.401,-1.7047,1.2419,2.3822,2.7387,2.5584,2.6003,3.031,3.0091,0.80076,2.7531,2.9484,2.7157,-2.6627,0.048339,2.518,2.7454,3.1416,-2.7454,-2.518,-0.048339,2.6627,-2.7157,-2.9484,-2.7531,-0.80076,-3.0091,-3.031,-2.6003,-2.5584,-2.7387,-2.3822,-1.2419,1.7047,-2.401,-2.0739,-2.9543,-0.949,1.8019,-2.4294,-2.92,-2.5799,3.0426,-2.2525,-2.8536,-1.3611,-2.9568,-2.0043,-2.0665,-2.1446,-1.7807,2.7878,-2.6699,-2.4332,-2.6789,-2.0177,-3.1064,-1.6988,3.0941,-2.3034,-2.9159,-2.6406,2.6045,2.7366,-2.1602,-1.6564,-1.9235,-2.8048,-1.9512,-2.5106,-0.79636,-2.6469,-2.5618,-2.5094,-2.5541,-2.5684,-2.8394,-2.1937,-2.5406,-2.4679,-2.5102,-2.4162,-2.0607,-2.5928,-2.5752,-2.4625,-2.4566,-2.3823,-2.4824,-2.2866,-2.39,-2.3198,-2.3598,-2.2838,-2.3651,-2.4063,-2.2853,-2.2525,-2.2654,-2.2052,-2.2794,-1.9866,-2.2879,-2.2272,-2.2745,-2.2815,-2.3244,-2.2408,-1.9515,-2.2343,-2.242,-2.1866,-2.2028,-2.224,-2.398,-2.1863,-2.1468,-2.1884,-2.1306,-2.119,-2.1251,-2.2336,-2.1762,-2.2144,-2.2571,-2.4203,-1.8046,-1.9699,-2.2774,-2.3902,-2.8837,0.88084,1.9369,-2.2501,-2.0378,-2.1579,-2.2238,-2.3831,-2.2159,-0.094905,1.0956,0.77885,0.5337,0.45352,0.067317
0,-0.18886,-0.75623,-1.0506,-1.2629,-1.6306,-0.28076,1.8395,1.9238,1.7111,1.6792,1.4961,1.5855,-2.7532,3.0689,2.5213,2.3002,2.352,2.5979,1.5501,2.0873,2.0651,2.0789,2.0805,2.063,2.1468,2.0508,2.0536,2.1267,2.1227,2.0771,1.8566,2.2271,2.1373,2.1791,2.1348,2.1694,2.3032,1.9812,2.1288,2.1927,2.1339,2.1549,2.1393,2.3506,2.1934,2.2091,2.1632,2.2233,2.2615,2.1969,2.2517,2.236,2.2057,2.2809,2.2701,2.3448,2.2919,2.2857,2.2397,2.3651,2.3381,2.2403,2.3161,2.3616,2.2575,2.3985,2.4005,2.4798,2.4196,2.3538,2.3222,2.4587,2.3713,2.4514,1.972,2.3971,2.2614,2.6812,2.6467,2.6823,2.8022,-2.4291,2.4137,2.5191,3.02,2.7119,-3.0328,2.4216,2.6564,2.3802,2.9122,2.8504,2.9262,-2.8249,2.4854,2.5774,-3.1175,2.9255,-2.6237,1.0877,2.8122,2.2382,-2.9488,-2.9127,-2.5892,1.7023,-0.31553,2.0185,2.4076,-2.8757,2.9218,-2.4146,-0.15158,2.8234,2.183,-3.0279,3.0577,-2.3334,2.168,2.7103,2.0227,2.9169,3.0451,-2.7016,-2.914,2.9567,1.589,3.1416,-1.589,-2.9567,2.914,2.7016,-3.0451,-2.9169,-2.0227,-2.7103,-2.168,2.3334,-3.0577,3.0279,-2.183,-2.8234,0.15158,2.4146,-2.9218,2.8757,-2.4076,-2.0185,0.31553,-1.7023,2.5892,2.9127,2.9488,-2.2382,-2.8122,-1.0877,2.6237,-2.9255,3.1175,-2.5774,-2.4854,2.8249,-2.9262,-2.8504,-2.9122,-2.3802,-2.6564,-2.4216,3.0328,-2.7119,-3.02,-2.5191,-2.4137,2.4291,-2.8022,-2.6823,-2.6467,-2.6812,-2.2614,-2.3971,-1.972,-2.4514,-2.3713,-2.4587,-2.3222,-2.3538,-2.4196,-2.4798,-2.4005,-2.3985,-2.2575,-2.3616,-2.3161,-2.2403,-2.3381,-2.3651,-2.2397,-2.2857,-2.2919,-2.3448,-2.2701,-2.2809,-2.2057,-2.236,-2.2517,-2.1969,-2.2615,-2.2233,-2.1632,-2.2091,-2.1934,-2.3506,-2.1393,-2.1549,-2.1339,-2.1927,-2.1288,-1.9812,-2.3032,-2.1694,-2.1348,-2.1791,-2.1373,-2.2271,-1.8566,-2.0771,-2.1227,-2.1267,-2.0536,-2.0508,-2.1468,-2.063,-2.0805,-2.0789,-2.0651,-2.0873,-1.5501,-2.5979,-2.352,-2.3002,-2.5213,-3.0689,2.7532,-1.5855,-1.4961,-1.6792,-1.7111,-1.9238,-1.8395,0.28076,1.6306,1.2629,1.0506,0.75623,0.18886
0,-0.81123,-1.6763,-1.5323,-1.8611,-2.1365,-0.68445,1.4975,1.711,1.4492,1.3537,1.5179,1.0004,2.8439,3.0881,2.675,2.3675,2.3086,2.4738,2.7649,2.2278,2.1901,2.1715,2.0886,1.9926,1.9789,2.0891,2.0732,2.1078,2.1579,2.2686,2.3044,1.9371,2.0692,2.1187,2.1205,1.9956,1.9675,2.2821,2.1457,2.1266,2.1133,2.1659,2.2272,2.1183,2.2114,2.2296,2.2308,2.2204,2.1823,2.2369,2.2227,2.2585,2.3047,2.3034,2.272,2.3743,2.301,2.3133,2.3591,2.3433,2.3274,2.335,2.559,2.3367,2.5424,2.3963,2.3806,2.5776,2.3771,2.5543,2.6205,2.4364,2.4837,2.5124,2.4691,2.6903,2.9625,1.3494,2.4919,1.7419,2.8128,2.511,2.7272,-2.6843,2.5039,2.702,2.2769,2.4831,2.7742,3.1125,2.607,2.6122,2.3697,2.7705,2.8271,3.1182,2.3846,2.8327,2.2087,3.0992,2.7431,-3.0425,-1.4933,2.7385,0.88476,2.4276,2.4419,3.1208,-2.8802,-0.94496,-2.4396,1.517,-2.7875,2.5695,2.8708,-2.3928,-3.0221,2.3779,2.6422,2.4652,3.0107,-2.6186,2.8525,-2.0886,1.6499,2.6931,2.5626,3.1416,-2.5626,-2.6931,-1.6499,2.0886,-2.8525,2.6186,-3.0107,-2.4652,-2.6422,-2.3779,3.0221,2.3928,-2.8708,-2.5695,2.7875,-1.517,2.4396,0.94496,2.8802,-3.1208,-2.4419,-2.4276,-0.88476,-2.7385,1.4933,3.0425,-2.7431,-3.0992,-2.2087,-2.8327,-2.3846,-3.1182,-2.8271,-2.7705,-2.3697,-2.6122,-2.607,-3.1125,-2.7742,-2.4831,-2.2769,-2.702,-2.5039,2.6843,-2.7272,-2.511,-2.8128,-1.7419,-2.4919,-1.3494,-2.9625,-2.6903,-2.4691,-2.5124,-2.4837,-2.4364,-2.6205,-2.5543,-2.3771,-2.5776,-2.3806,-2.3963,-2.5424,-2.3367,-2.559,-2.335,-2.3274,-2.3433,-2.3591,-2.3133,-2.301,-2.3743,-2.272,-2.3034,-2.3047,-2.2585,-2.2227,-2.2369,-2.1823,-2.2204,-2.2308,-2.2296,-2.2114,-2.1183,-2.2272,-2.1659,-2.1133,-2.1266,-2.1457,-2.2821,-1.9675,-1.9956,-2.1205,-2.1187,-2.0692,-1.9371,-2.3044,-2.2686,-2.1579,-2.1078,-2.0732,-2.0891,-1.9789,-1.9926,-2.0886,-2.1715,-2.1901,-2.2278,-2.7649,-2.4738,-2.3086,-2.3675,-2.675,-3.0881,-2.8439,-1.0004,-1.5179,-1.3537,-1.4492,-1.711,-1.4975,0.68445,2.1365,1.8611,1.5323,1.6763,0.81123
0,-0.19002,-0.44913,-0.62321,-1.135,-0.98308,-0.81636,1.3755,2.0116,2.0185,1.8379,2.0923,0.78768,2.6692,-2.3194,2.7422,2.5638,2.358,1.7738,2.5575,2.1436,2.1167,2.0735,2.1245,2.1055,2.0939,1.9341,2.1547,2.1846,2.1586,2.175,2.2416,2.1586,1.9561,2.1494,2.1449,2.1478,2.2506,2.1631,2.1491,2.1843,2.209,2.2078,2.2168,2.2343,2.2688,2.2686,2.2573,2.2801,2.2287,2.3227,2.2499,2.3345,2.3613,2.2946,2.3259,2.33,2.3904,2.3901,2.3718,2.413,2.3758,2.4742,2.4025,2.4007,2.3689,2.5438,2.519,2.5475,2.3926,2.5281,2.6067,2.508,2.4489,2.6102,2.4608,2.7974,1.875,2.6054,2.1419,2.4289,2.8149,2.655,2.6808,2.2672,2.8769,2.5877,3.0011,3.0454,2.6145,-2.835,2.778,2.4761,2.9069,3.0117,2.8251,-3.0499,2.5864,3.028,3.0637,-2.9316,-2.9485,2.9968,2.8759,-2.3762,2.4819,-2.1064,-0.94367,1.656,-2.6161,2.7627,-2.8029,2.8374,2.4525,3.1366,2.8226,2.0903,2.946,2.5811,2.7534,-2.7921,2.4473,-2.7629,2.9397,-2.6723,-2.8213,-2.9245,-0.31286,3.1416,0.31286,2.9245,2.8213,2.6723,-2.9397,2.7629,-2.4473,2.7921,-2.7534,-2.5811,-2.946,-2.0903,-2.8226,-3.1366,-2.4525,-2.8374,2.8029,-2.7627,2.6161,-1.656,0.94367,2.1064,-2.4819,2.3762,-2.8759,-2.9968,2.9485,2.9316,-3.0637,-3.028,-2.5864,3.0499,-2.8251,-3.0117,-2.9069,-2.4761,-2.778,2.835,-2.6145,-3.0454,-3.0011,-2.5877,-2.8769,-2.2672,-2.6808,-2.655,-2.8149,-2.4289,-2.1419,-2.6054,-1.875,-2.7974,-2.4608,-2.6102,-2.4489,-2.508,-2.6067,-2.5281,-2.3926,-2.5475,-2.519,-2.5438,-2.3689,-2.4007,-2.4025,-2.4742,-2.3758,-2.413,-2.3718,-2.3901,-2.3904,-2.33,-2.3259,-2.2946,-2.3613,-2.3345,-2.2499,-2.3227,-2.2287,-2.2801,-2.2573,-2.2686,-2.2688,-2.2343,-2.2168,-2.2078,-2.209,-2.1843,-2.1491,-2.1631,-2.2506,-2.1478,-2.1449,-2.1494,-1.9561,-2.1586,-2.2416,-2.175,-2.1586,-2.1846,-2.1547,-1.9341,-2.0939,-2.1055,-2.1245,-2.0735,-2.1167,-2.1436,-2.5575,-1.7738,-2.358,-2.5638,-2.7422,2.3194,-2.6692,-0.78768,-2.0923,-1.8379,-2.0185,-2.0116,-1.3755,0.81636,0.98308,1.135,0.62321,0.44913,0.19002
0,-0.10592,0.065918,-0.19654,-0.49454,-0.30985,-0.29865,2.012,-2.9073,2.6625,2.8046,2.3811,2.2015,-2.9229,0.22093,2.6394,1.5772,2.3728,2.3885,2.3862,1.7836,1.7653,2.2713,2.1744,2.1148,2.331,2.0631,2.1235,2.2511,2.1732,2.21,2.1516,2.5314,2.6238,2.0016,2.1056,2.2179,2.2551,2.2744,2.3238,2.1101,2.1087,2.2908,2.2251,2.2601,2.2383,2.2646,2.3723,2.3031,2.3469,2.3582,2.3354,2.4231,2.3176,2.2935,2.3734,2.3652,2.3237,2.3795,2.3259,2.3809,2.5038,2.4998,2.437,2.4653,2.5881,2.6752,2.4673,2.4656,2.5316,2.4358,2.428,2.6102,2.3727,2.4872,2.6905,2.528,2.593,2.866,2.5586,-2.1563,1.9532,2.4498,3.0453,2.4937,2.7721,-2.3232,2.271,2.8903,2.4928,2.8829,2.7956,2.4349,2.66,2.9052,2.7635,2.8349,2.9062,3.0551,2.5377,-2.9359,2.0659,2.7399,2.4897,-2.9713,1.8425,-2.9594,1.2303,-2.5218,-2.5314,2.9063,0.72057,2.8153,-2.7164,3.0914,2.7531,-3.1357,2.5922,-2.7922,1.8714,3.0514,-2.664,2.568,3.0843,-2.3236,2.9435,-2.0522,2.8728,3.1416,-2.8728,2.0522,-2.9435,2.3236,-3.0843,-2.568,2.664,-3.0514,-1.8714,2.7922,-2.5922,3.1357,-2.7531,-3.0914,2.7164,-2.8153,-0.72057,-2.9063,2.5314,2.5218,-1.2303,2.9594,-1.8425,2.9713,-2.4897,-2.7399,-2.0659,2.9359,-2.5377,-3.0551,-2.9062,-2.8349,-2.7635,-2.9052,-2.66,-2.4349,-2.7956,-2.8829,-2.4928,-2.8903,-2.271,2.3232,-2.7721,-2.4937,-3.0453,-2.4498,-1.9532,2.1563,-2.5586,-2.866,-2.593,-2.528,-2.6905,-2.4872,-2.3727,-2.6102,-2.428,-2.4358,-2.5316,-2.4656,-2.4673,-2.6752,-2.5881,-2.4653,-2.437,-2.4998,-2.5038,-2.3809,-2.3259,-2.3795,-2.3237,-2.3652,-2.3734,-2.2935,-2.3176,-2.4231,-2.3354,-2.3582,-2.3469,-2.3031,-2.3723,-2.2646,-2.2383,-2.2601,-2.2251,-2.2908,-2.1087,-2.1101,-2.3238,-2.2744,-2.2551,-2.2179,-2.1056,-2.0016,-2.6238,-2.5314,-2.1516,-2.21,-2.1732,-2.2511,-2.1235,-2.0631,-2.331,-2.1148,-2.1744,-2.2713,-1.7653,-1.7836,-2.3862,-2.3885,-2.3728,-1.5772,-2.6394,-0.22093,2.9229,-2.2015,-2.3811,-2.8046,-2.6625,2.9073,-2.012,0.29865,0.30985,0.49454,0.19654,-0.065918,0.10592
0,0.079948,-0.054393,-0.27281,-0.26452,-0.51812,0.2446,2.6831,-2.5456,-3.1202,-3.1282,3.097,-2.3408,-1.2453,1.7061,2.2503,2.4728,2.3094,2.4935,2.3067,1.9453,2.4365,2.4837,2.5424,2.3906,2.0381,2.0251,2.417,2.4427,2.3701,2.3181,2.3783,2.7011,1.9805,2.7941,2.5613,2.457,2.5663,2.5688,1.7589,2.5009,2.3432,2.4822,2.292,2.2492,2.4542,2.4319,2.3928,2.4241,2.3233,2.4733,2.6131,2.3258,2.6452,2.4511,2.5127,2.4692,2.4432,2.4949,2.5937,2.5337,2.5017,2.579,2.5136,2.5795,2.2594,2.7664,2.4052,2.6361,2.6173,2.4606,2.6083,2.8431,2.4967,2.5692,2.9299,2.6586,-3.1394,2.2031,-2.9817,1.8125,-3.0083,3.0632,-2.7251,1.9042,2.8275,1.8886,2.7841,3.0747,2.8621,2.6306,2.8439,2.7318,2.7453,2.6542,2.426,2.8224,2.9871,2.9247,2.7933,-3.1034,2.957,2.9803,2.9751,2.4782,2.9582,3.0651,3.0872,2.7944,-2.1498,3.0599,-2.7554,-0.30042,2.6333,2.878,2.9627,2.927,2.6383,2.8097,-2.786,-2.4071,2.5033,2.6976,-3.1116,-3.1102,3.1212,2.2125,-2.9666,3.1416,2.9666,-2.2125,-3.1212,3.1102,3.1116,-2.6976,-2.5033,2.4071,2.786,-2.8097,-2.6383,-2.927,-2.9627,-2.878,-2.6333,0.30042,2.7554,-3.0599,2.1498,-2.7944,-3.0872,-3.0651,-2.9582,-2.4782,-2.9751,-2.9803,-2.957,3.1034,-2.7933,-2.9247,-2.9871,-2.8224,-2.426,-2.6542,-2.7453,-2.7318,-2.8439,-2.6306,-2.8621,-3.0747,-2.7841,-1.8886,-2.8275,-1.9042,2.7251,-3.0632,3.0083,-1.8125,2.9817,-2.2031,3.1394,-2.6586,-2.9299,-2.5692,-2.4967,-2.8431,-2.6083,-2.4606,-2.6173,-2.6361,-2.4052,-2.7664,-2.2594,-2.5795,-2.5136,-2.579,-2.5017,-2.5337,-2.5937,-2.4949,-2.4432,-2.4692,-2.5127,-2.4511,-2.6452,-2.3258,-2.6131,-2.4733,-2.3233,-2.4241,-2.3928,-2.4319,-2.4542,-2.2492,-2.292,-2.4822,-2.3432,-2.5009,-1.7589,-2.5688,-2.5663,-2.457,-2.5613,-2.7941,-1.9805,-2.7011,-2.3783,-2.3181,-2.3701,-2.4427,-2.417,-2.0251,-2.0381,-2.3906,-2.5424,-2.4837,-2.4365,-1.9453,-2.3067,-2.4935,-2.3094,-2.4728,-2.2503,-1.7061,1.2453,2.3408,-3.097,3.1282,3.1202,2.5456,-2.6831,-0.2446,0.51812,0.26452,0.27281,0.054393,-0.079948
0,1.1149,-0.48797,0.2767,0.35438,2.9125,0.39103,-2.9037,-1.2612,-0.79342,-0.8379,-0.95477,-1.6834,0.50485,-2.9988,-1.7048,-1.0975,-0.8813,-2.8214,-1.4818,-2.2022,-1.3663,-1.6049,-1.8173,-2.0522,-1.2391,2.8041,-1.3872,-1.0874,-1.9742,-1.7476,-1.2287,-1.1602,-1.5823,-1.0327,-0.41362,-1.6789,-0.85293,-1.7213,-0.98757,-1.2061,-1.204,-1.2999,-0.84746,-1.5361,-1.1206,-1.1165,-1.3094,-0.87616,-1.394,-0.95743,-1.548,-1.006,-1.3596,-1.2367,-0.93869,-0.6378,-1.1918,-1.3103,-0.87734,-0.959,-1.0169,-1.015,-0.83499,-0.96769,-1.0641,-0.71342,-0.90145,-0.338,-0.92557,-0.92727,-1.113,-0.76883,-0.55438,-0.72301,-0.70614,-0.39962,-0.74386,-0.69396,-1.158,-1.3084,-1.4622,-0.33082,-1.1239,-1.0075,-0.22192,0.45789,-0.65528,-0.58472,-0.73196,-0.23988,-0.85398,-0.34667,-1.0065,-0.1021,-0.57698,0.13136,-0.44261,-0.36318,0.21085,-2.0356,-0.42337,-0.49388,-0.41517,0.013077,-0.68143,1.1408,-0.10885,-2.066,-0.36145,1.6312,-1.2861,-2.3828,-0.089399,-0.19184,2.9477,-1.2575,0.077915,-0.21447,-0.45035,-0.035055,-0.71949,0.17858,0.10028,0.086212,-0.37707,1.1677,-0.34941,0,0.34941,-1.1677,0.37707,-0.086212,-0.10028,-0.17858,0.71949,0.035055,0.45035,0.21447,-0.077915,1.2575,-2.9477,0.19184,0.089399,2.3828,1.2861,-1.6312,0.36145,2.066,0.10885,-1.1408,0.68143,-0.013077,0.41517,0.49388,0.42337,2.0356,-0.21085,0.36318,0.44261,-0.13136,0.57698,0.1021,1.0065,0.34667,0.85398,0.23988,0.73196,0.58472,0.65528,-0.45789,0.22192,1.0075,1.1239,0.33082,1.4622,1.3084,1.158,0.69396,0.74386,0.39962,0.70614,0.72301,0.55438,0.76883,1.113,0.92727,0.92557,0.338,0.90145,0.71342,1.0641,0.96769,0.83499,1.015,1.0169,0.959,0.87734,1.3103,1.1918,0.6378,0.93869,1.2367,1.3596,1.006,1.548,0.95743,1.394,0.87616,1.3094,1.1165,1.1206,1.5361,0.84746,1.2999,1.204,1.2061,0.98757,1.7213,0.85293,1.6789,0.41362,1.0327,1.5823,1.1602,1.2287,1.7476,1.9742,1.0874,1.3872,-2.8041,1.2391,2.0522,1.8173,1.6049,1.3663,2.2022,1.4818,2.8214,0.8813,1.0975,1.7048,2.9988,-0.50485,1.6834,0.95477,0.8379,0.79342,1.2612,2.9037,-0.39103,-2.9125,-0.35438,-0.2767,0.48797,-1.1149
0,1.2759,2.9585,0.25794,0.65732,1.7278,0.3295,-1.393,2.4481,-0.45081,-2.5847,2.2484,-1.7869,1.7627,-0.4641,-2.1521,2.8975,-0.45749,-2.545,-1.8838,-0.58811,-2.6337,-2.0326,-1.0353,-1.054,-2.3351,-1.9728,-1.6049,-1.4154,-0.60573,-1.2315,1.5479,1.4092,2.3753,-2.8942,-2.0997,-0.82523,-0.41288,-2.9068,-0.92697,-2.5636,-1.7203,-0.9256,-0.14527,0.44798,-0.83816,0.090773,2.4782,-1.5214,-0.096464,1.4977,-2.3976,-0.74888,-0.37151,-0.38638,0.40309,2.3876,0.65868,-1.8383,-2.011,-1.3287,-0.63939,-0.38598,-2.1715,-1.144,0.2105,-0.44221,-2.4257,-0.45281,-1.2638,-0.82718,0.16315,2.4439,-2.7336,-1.2076,0.30221,-2.7908,-1.2977,-0.11055,2.7764,1.8935,-1.8393,-0.30158,-0.43187,0.71944,0.088989,-2.8509,0.5299,1.7703,-1.5701,1.3756,-2.8576,0.10772,2.6481,-1.0893,-0.79884,0.47649,2.2364,-1.3093,-0.89171,1.7032,0.39969,-0.0763,1.4587,-2.4676,-0.5936,0.67954,-0.19805,1.7261,2.782,-1.8331,-2.7089,-0.98855,0.07893,-0.69803,2.4028,-1.7852,-0.41856,2.2662,-1.563,0.2298,-2.416,-0.36153,0.49969,2.1206,-0.86032,1.3826,-2.5945,0,2.5945,-1.3826,0.86032,-2.1206,-0.49969,0.36153,2.416,-0.2298,1.563,-2.2662,0.41856,1.7852,-2.4028,0.69803,-0.07893,0.98855,2.7089,1.8331,-2.782,-1.7261,0.19805,-0.67954,0.5936,2.4676,-1.4587,0.0763,-0.39969,-1.7032,0.89171,1.3093,-2.2364,-0.47649,0.79884,1.0893,-2.6481,-0.10772,2.8576,-1.3756,1.5701,-1.7703,-0.5299,2.8509,-0.088989,-0.71944,0.43187,0.30158,1.8393,-1.8935,-2.7764,0.11055,1.2977,2.7908,-0.30221,1.2076,2.7336,-2.4439,-0.16315,0.82718,1.2638,0.45281,2.4257,0.44221,-0.2105,1.144,2.1715,0.38598,0.63939,1.3287,2.011,1.8383,-0.65868,-2.3876,-0.40309,0.38638,0.37151,0.74888,2.3976,-1.4977,0.096464,1.5214,-2.4782,-0.090773,0.83816,-0.44798,0.14527,0.9256,1.7203,2.5636,0.92697,2.9068,0.41288,0.82523,2.0997,2.8942,-2.3753,-1.4092,-1.5479,1.2315,0.60573,1.4154,1.6049,1.9728,2.3351,1.054,1.0353,2.0326,2.6337,0.58811,1.8838,2.545,0.45749,-2.8975,2.1521,0.4641,-1.7627,1.7869,-2.2484,2.5847,0.45081,-2.4481,1.393,-0.3295,-1.7278,-0.65732,-0.25794,-2.9585,-1.2759
