1.509,1.8046,1.5438,1.5659,1.8296,1.2057,1.1649,1.0554,1.0607,0.68646,-0.17771,0.093858,0.1149,0.83524,0.79983,0.53844,0.46326,0.97394,0.64068,0.13397,-0.22498,0.29627,-0.1121,-0.056896,0.12684,-0.017134,-0.65004,-1.0876,-0.69669,-0.66821,-0.94234,-1.0568,-1.1578,-0.56944,0.18477,-0.12661,-0.37145,-0.53736,-0.30075,-0.51659,-0.36778,-0.69353,-0.53723,-0.26591,-0.97765,-0.87402,-0.65489,-0.30426,-0.69364,-0.37269,-0.38768,0.095808,-0.40766,-0.52792,-0.3188,-0.096661,-0.3201,-0.26755,-0.52159,-0.68205,-0.51338,-0.44391,-0.44084,-0.93087,-0.75697,-0.769,-0.98764,-0.63169,-0.90642,-0.71196,-0.06008,-0.11866,-0.63318,-0.55845,-0.73385,2.2819,2.6508,2.5513,2.5623,2.6072,2.3499,2.3387,2.3057,2.1681,2.1135,2.0783,2.0254,1.8389,1.673,1.5273,1.3525,1.1658,1.0315,0.9733,0.82546,0.83566,0.78629,0.6228,0.68595,0.61198,0.43743,0.57415,0.65967,0.67144,0.59993,0.47296,0.38627,0.55824,0.61445,0.72549,0.61747,0.5099,0.3599,0.61979,0.85028,0.94329,1.038,1.0411,1.0622,0.97949,0.82352,0.68539,0.37933,0.098342,0.25267,0.34582,0.23876,0.28892,0.36163,0.44445,0.37553,0.3885,0.26755,0.2215,0.12164,-0.013192,-0.0463,-0.12919,0.17262,0.24516,0.40234,0.52194,0.71771,0.83292,0.90126,0.89814,0.80038,0.57707,0.1682,-0.083487,1.5458,1.6923,2.015,1.9929,1.5552,2.2885,2.3476,2.5006,2.2149,2.8541,4.5121,3.8631,3.4479,1.6756,1.4549,1.6281,1.4051,0.1151,0.66524,1.383,2.1213,0.98005,1.4698,1.4857,0.97028,0.90913,2.4484,3.4946,2.7363,2.5363,2.8306,2.886,3.432,2.3678,1.0814,1.4882,1.7627,1.7945,1.8411,2.7337,2.6222,3.4631,3.1567,2.6561,3.9143,3.3951,2.6806,1.3672,1.584,1.2507,1.467,0.2859,1.3932,1.7791,1.5265,0.94437,1.4172,1.0702,1.4862,1.6074,1.0004,0.79522,0.62331,2.207,2.0043,2.3427,3.0192,2.6988,3.4787,3.2264,1.9164,1.8381,2.4205,1.4533,1.3007
4.5639,5.3016,5.1026,5.1247,5.2145,4.6999,4.6775,4.6114,4.3362,4.227,4.1567,4.0508,3.6777,3.3461,3.0546,2.705,2.3316,2.063,1.9466,1.6509,1.6713,1.5726,1.2456,1.3719,1.224,0.87486,1.1483,1.3193,1.3429,1.1999,0.94592,0.77253,1.1165,1.2289,1.451,1.2349,1.0198,0.71979,1.2396,1.7006,1.8866,2.076,2.0822,2.1243,1.959,1.647,1.3708,0.75866,0.19668,0.50534,0.69165,0.47751,0.57785,0.72326,0.88891,0.75105,0.77699,0.5351,0.44299,0.24328,-0.026384,-0.0926,-0.25837,0.34523,0.49032,0.80469,1.0439,1.4354,1.6658,1.8025,1.7963,1.6008,1.1541,0.33641,-0.16697,1.8954,1.5787,1.6583,1.6583,1.8336,2.1111,2.1313,2.0956,2.0854,2.1773,2.5197,2.2926,1.961,1.7495,1.6777,1.529,1.535,1.4948,1.4634,1.6086,1.8183,1.4196,1.6124,1.6101,1.4369,1.4907,1.8494,2.0011,1.8375,1.7744,1.9689,1.9827,1.9919,1.682,1.3152,1.4246,1.5274,1.6591,1.4859,1.7041,1.6414,1.8715,1.9407,1.8383,1.9005,1.8597,1.6335,1.4543,1.604,1.3751,1.3951,1.1865,1.4746,1.5254,1.4518,1.3102,1.4023,1.3406,1.4531,1.5317,1.4679,1.3781,1.3768,1.6241,1.5487,1.6472,1.7747,1.7021,1.8743,1.9889,1.6935,1.6126,1.5918,1.5015,1.5574,-2.319,-3.8364,-3.801,-3.801,-3.1025,-2.7661,-2.7625,-2.9207,-2.3803,-2.7266,-3.6293,-3.3287,-3.2038,-1.5226,-1.1542,-1.2752,-0.6667,0.81142,0.31492,0.18323,-0.15604,0.28651,0.50945,0.36265,0.67955,1.1973,0.10216,-0.81173,-0.4041,-0.18726,0.16125,0.30687,-0.56468,-0.23272,0.098047,0.12602,0.27236,0.80389,-0.1088,-1.026,-1.2259,-1.796,-1.3575,-1.1038,-2.0722,-1.3227,-0.78431,0.78279,1.4273,0.9941,0.63149,1.6095,0.97826,0.54841,0.48809,0.92489,0.61049,1.0759,0.97714,1.2127,1.9618,2.0536,2.3887,0.69607,0.60276,0.147,-0.51373,-0.73003,-1.3959,-1.0511,-0.32571,-0.21354,-0.39104,1.2132,1.981
5.2997,4.9621,4.8604,4.8825,5.4968,5.4279,5.4275,5.2466,5.2314,5.041,4.8617,4.6791,4.0368,4.3343,4.1551,3.5964,3.5332,3.9635,3.5674,3.3511,3.4116,3.1354,3.1127,3.1633,3.0006,2.9642,3.0488,2.9146,2.9783,2.8807,2.9954,2.9087,2.8261,2.7945,2.8153,2.7225,2.6834,2.7808,2.6711,2.8917,2.915,3.0495,3.3442,3.4107,2.8234,2.8454,2.6121,2.6044,2.5143,2.3775,2.4025,2.4688,2.5416,2.5228,2.5847,2.5237,2.4846,2.4136,2.3847,2.3813,2.4225,2.3123,2.3128,2.3174,2.3404,2.5254,2.5617,2.7725,2.8422,3.2659,3.3269,3.1066,2.5504,2.4445,2.3809,0.55772,0.09347,0.20673,0.20673,0.41969,0.53766,0.5331,0.20749,0.5997,0.74681,0.82447,0.64366,0.2644,0.45142,0.77703,0.97759,0.9426,1.1027,1.1846,1.1214,0.98127,1.1182,1.09,1.0169,1.1694,1.2294,1.2012,1.11,1.0669,1.1743,1.2363,1.3556,1.1069,1.0082,0.90239,0.91081,1.0855,1.2543,1.0427,0.8605,0.8347,0.80439,0.9371,0.72821,0.89529,0.91122,0.93021,1.0489,1.2121,1.1019,1.049,1.2581,1.2739,1.1593,1.0784,1.1001,0.99544,1.053,1.1324,1.1828,1.4212,1.3917,1.3682,1.0343,1.1261,1.1922,1.1708,1.0537,1.0246,1.0109,1.1195,1.0484,1.1254,1.3708,1.5573,-0.35634,0.86591,0.89783,0.89783,0.27467,-0.38082,-0.43392,-0.85555,-0.59108,-0.13425,0.23885,0.030735,-0.18935,-1.0736,-0.64701,0.1724,-0.51808,-1.5955,-0.87258,-1.1576,-1.518,-0.88933,-1.5542,-1.549,-1.2146,-1.72,-1.3985,-0.97036,-1.1371,-1.013,-1.6265,-1.5611,-1.2054,-1.1149,-0.92374,-1.1535,-1.1563,-1.6135,-0.77762,-0.66128,-0.38747,-0.33827,-0.64974,-1.1164,0.061763,-0.57419,-0.6223,-1.5937,-2.2112,-1.5405,-1.3237,-1.4662,-1.3796,-1.2806,-1.2348,-1.345,-1.4243,-1.6511,-1.6186,-1.9106,-2.0554,-2.0263,-2.4058,-1.8757,-1.448,-1.0571,-0.69398,-0.56684,-0.30364,-0.90486,-0.82235,-0.91504,-0.54165,-1.4746,-1.9812
5.6793,5.4885,5.5161,5.5382,6.0538,5.7752,5.7437,5.0263,5.5356,5.7206,5.8056,5.3382,4.2065,4.2489,4.6087,4.6602,4.2168,4.2684,4.3157,3.8937,3.6339,3.8089,3.4257,3.4058,3.5627,3.3336,3.5508,3.5394,3.4767,3.5484,3.4185,3.4837,3.3302,3.2453,3.2558,3.0566,3.1908,3.2284,3.325,3.4216,3.556,3.6848,3.9564,3.5807,3.7495,3.4695,3.2312,2.8564,2.6208,2.7092,2.7896,2.9938,3.1257,3.0419,3.0457,2.9512,2.7679,2.641,2.7079,2.6088,2.8159,2.6909,2.4781,2.4139,2.7425,3.189,3.3855,3.5427,3.715,3.8244,4.0352,3.6975,3.405,3.0781,2.9476,0.33361,0.27632,0.037,0.037,0.045108,0.47527,0.4834,0.49791,0.026813,-0.072515,-0.036355,0.52623,0.74452,0.30135,0.14972,0.48074,0.61351,0.42822,0.11155,0.42943,0.41841,0.41514,0.24085,0.29472,0.35594,0.20257,0.30565,0.26541,0.15593,0.29639,0.18482,0.25797,0.26905,0.21007,0.34093,0.3239,0.32697,0.30887,0.16203,0.20935,-0.062746,0.26624,0.29486,0.1045,0.64867,0.24003,0.21946,0.24377,0.39126,0.46434,0.43902,0.38918,0.32869,0.36932,0.20248,0.27469,0.2485,0.30141,0.33057,0.29665,0.34015,0.47456,0.51809,0.47904,0.49376,0.5152,0.38235,0.30761,0.37548,0.29487,0.47252,0.3903,0.38703,0.017965,0.13725,-0.091868,-0.50021,-1.2373,-1.2373,-1.0238,0.25603,0.33452,1.4364,-0.5547,-1.5044,-1.9605,-0.26559,1.1496,0.77345,-0.60761,-1.1661,-0.1401,0.24646,-1.2734,-0.22631,0.39225,-0.51671,-0.14418,0.10453,-0.41225,-0.33362,-0.39265,-0.71892,-0.68478,-0.74275,-0.47638,-0.63416,-0.47024,-0.4814,-0.19917,-0.020295,-0.36076,-0.27734,-0.98376,-0.64102,-1.4074,-0.73803,-0.63474,-0.13096,-0.55499,-0.76819,-0.79919,-0.016556,0.56956,0.26532,0.10376,-0.27169,-0.51089,-0.29941,-0.51696,-0.30573,-0.069588,0.14804,0.014835,0.13836,-0.10665,0.1919,0.70551,0.76512,0.18335,-0.29687,-0.88293,-0.92527,-0.9945,-0.52725,-0.47157,-0.40106,-0.93518,-1.2312,-0.85883
5.967,5.5147,4.9344,4.9565,5.587,6.3785,6.3943,6.2424,5.2851,4.8959,4.789,5.7316,5.5259,4.937,4.4546,4.5579,4.7603,4.8199,3.7905,4.21,4.2484,3.9657,3.5945,3.7528,3.7125,3.3693,3.6601,3.4454,3.2902,3.4734,3.3651,3.4246,3.3642,3.2147,3.4971,3.3703,3.3374,3.3986,2.9952,3.3104,2.7895,3.582,3.9339,3.6198,4.1207,3.3254,3.0511,3.0919,3.2969,3.3061,3.2805,3.2471,3.199,3.2615,2.9897,3.073,2.9816,3.0164,3.0458,2.9746,3.1028,3.2614,3.3489,3.2755,3.3279,3.5558,3.3264,3.3877,3.5932,3.8556,4.272,3.8872,3.3245,2.4804,2.6554,0.2218,0.048913,-0.59791,-0.59791,-0.32799,0.39803,0.41897,0.64938,-0.23832,-0.42355,-0.46368,0.047901,0.65714,0.34186,-0.14818,-0.26378,0.090852,0.25601,-0.10038,0.0081285,0.18398,0.14338,-0.031365,-0.040348,-0.12616,-0.084207,-0.3034,-0.2305,-0.22118,-0.46001,-0.36291,-0.40129,-0.40374,-0.24027,-0.23461,-0.023865,-0.09808,-0.087106,-0.037194,-0.32514,-0.22444,-0.30944,-0.18048,0.36593,0.13309,-0.17271,-0.046392,-0.019329,0.38648,0.0096194,0.015876,-0.36431,-0.34228,-0.31135,-0.40719,-0.31019,-0.30991,-0.12695,-0.15609,0.11688,0.13686,0.17049,0.28355,0.54156,0.25574,0.1602,0.033075,-0.073685,-0.089434,0.15239,0.09027,0.24773,0.019747,-0.25152,-0.2199,-0.13175,0.045392,-0.032528,-0.032528,0.27764,-0.41051,-0.46336,-1.1335,0.024435,0.80233,1.1059,-0.69107,-1.3244,-0.69242,0.011812,-0.32295,-0.90522,-0.59087,0.84958,-0.6163,-0.8611,-0.026807,-0.40026,-0.77467,-0.55196,-0.23993,-0.82544,-0.27289,-0.069449,-0.77004,-0.61907,-0.68436,-0.87533,-0.41929,-0.95192,-0.67524,-0.48935,-0.51461,0.58531,-0.42796,1.084,-0.41334,-0.31594,0.65381,-0.47617,-0.057279,0.26748,-0.50965,-0.57913,-1.1747,-0.95004,-1.2353,-0.83103,-1.0619,-0.70238,-0.86403,-1.0472,-1.0048,-0.98816,-0.4979,-0.29992,-0.80003,-1.1746,-0.64006,-0.65939,-0.41312,0.18439,0.16269,0.064663,0.24228,-0.29293,0.11592,0.20061,0.69221,0.14453
6.1229,5.5864,4.3203,4.3423,5.3979,6.5712,6.5816,6.3251,5.059,4.8736,4.8783,5.434,5.5208,4.9326,4.3123,4.1326,4.3985,4.7805,4.1149,3.9099,4.0018,4.0957,3.363,3.3251,3.3104,3.1652,2.944,3.0784,3.0343,2.6284,2.6926,2.6812,2.5228,2.7648,2.7865,3.0088,2.9946,3.0542,3.2506,2.7713,3.1071,3.0659,3.5955,4.3126,4.0157,3.1241,3.1384,2.8178,3.3938,2.7284,2.8214,2.2652,2.4412,2.4192,2.2313,2.3308,2.148,2.3871,2.3957,2.8426,3.0897,3.0319,3.0452,3.497,3.2539,3.5094,3.4516,3.3954,3.5361,4.1292,4.2158,4.1929,3.4445,2.575,2.5078,0.10313,0.10048,-0.37752,-0.37752,-0.18384,0.10704,0.11184,0.15979,-0.015187,0.067452,-0.010576,-0.9514,0.024061,0.069293,0.1187,-0.057064,-0.25369,-0.01126,0.28667,-0.039031,-0.2863,0.088404,-0.16209,-0.38459,-0.52636,-0.2516,-0.66377,-0.32049,-0.12446,-0.34633,-0.60197,-0.71561,-0.33904,-0.16532,-0.29431,0.0061746,0.092697,0.027996,0.32679,0.16456,0.31481,0.055382,-0.46077,0.28707,0.12118,-0.06752,0.059487,0.10191,0.033359,0.19503,0.038266,0.13695,0.0032596,-0.18234,-0.17724,-0.55059,-0.33838,-0.045262,0.27755,0.08738,0.19396,0.088437,0.26603,0.092369,-0.017926,-0.055258,0.083931,0.042902,0.022149,0.096777,-0.0023081,0.26116,0.065204,0.28015,0.20647,-0.1056,0.057751,0.47331,0.47331,0.010643,-0.17146,-0.1509,0.15428,0.42183,0.17967,-0.19964,-1.3075,0.058189,0.14728,0.52194,0.73638,0.21613,0.05633,-0.075477,0.52198,-0.079455,-0.083153,0.13881,0.086182,-0.24844,-0.094857,0.1047,0.092908,0.2629,0.9974,0.14094,0.055713,1.0047,0.56919,0.83252,0.73532,0.8709,0.74482,0.14265,1.4074,-0.0055604,1.143,-0.24464,-0.81152,0.45234,0.26765,-0.055722,0.75212,-0.12711,1.5456,0.99482,2.2378,1.5221,1.3199,1.1623,0.38322,0.9903,1.1681,1.8554,0.43891,0.41411,0.63593,1.1395,-0.25833,0.11207,-0.017794,-0.082675,0.070488,0.1585,-0.35351,0.10777,-0.089062,-0.10969,0.37113,0.70821
6.1732,5.7157,4.1794,4.2015,5.2193,6.5926,6.618,6.562,5.2547,5.0308,4.7679,3.8288,5.574,5.0756,4.692,4.4437,4.2529,4.7974,4.3639,4.1319,3.6758,4.1425,3.2703,2.9836,2.6598,2.8661,2.3326,2.8044,3.0413,2.7808,2.1611,1.9934,2.6861,2.884,2.9085,3.3827,3.5227,3.4546,3.6487,3.6395,3.4191,3.6928,3.0124,4.1939,4.3631,3.1904,3.17,3.2957,3.3636,3.6962,3.357,3.521,3.2055,2.8968,2.6352,1.9718,2.3048,2.9259,3.6009,3.1494,3.4907,3.4383,3.881,3.4602,3.292,3.4453,3.4942,3.4735,3.6375,4.0492,4.2674,4.4096,3.4549,3.0407,3.0683,0.15435,0.50722,0.48814,0.48814,0.2394,-0.11629,-0.012767,0.43221,0.47015,0.48695,0.51477,0.52209,0.66848,0.945,1.1683,1.0547,0.59409,0.46446,0.87032,0.8646,0.62059,0.73349,1.1087,1.06,0.90691,0.92569,0.99696,0.74392,0.69884,0.9893,0.81565,0.82031,0.82246,0.5732,0.78821,0.54397,0.64372,0.76111,0.51543,0.94232,0.70458,0.70905,0.50426,0.053719,0.36171,0.88144,0.84532,1.1382,0.84477,1.1117,0.82698,0.78201,0.80221,0.54542,0.8944,0.77801,0.98931,0.86818,1.0092,0.88614,0.88878,1.0193,0.97967,0.43401,0.55663,0.49263,0.3249,0.29298,0.34027,0.20296,0.23879,0.50322,0.4899,0.80455,0.8734,0.20804,0.75572,1.258,1.258,0.83585,-0.2752,-0.098324,0.39056,0.54885,0.65933,1.2503,4.2545,1.2306,1.6041,1.5773,1.4871,1.4794,0.8951,1.2428,1.2853,1.8932,1.3733,2.4028,2.803,3.115,2.4494,3.2168,2.0359,1.3837,1.6739,2.6943,3.0161,1.3183,0.90785,1.3325,0.34028,0.23114,0.72142,0.23464,0.14816,0.78511,0.16434,2.1747,0.34482,0.028713,1.6303,1.6274,1.3205,1.7499,0.28772,0.58261,-0.94769,0.075792,0.13559,0.98098,2.274,1.6651,0.65873,-0.39204,1.1586,0.97554,1.2258,0.28774,0.94162,1.0371,1.1136,0.56462,0.42967,0.47774,0.56588,0.37443,0.57318,0.95909,0.67766,0.62565
6.4316,6.6008,5.2965,5.3186,5.8767,6.3387,6.5561,7.1895,5.9993,5.8475,5.9078,6.4781,6.8578,6.8226,6.6489,6.2419,5.5867,5.7094,5.8556,5.6391,5.243,5.5627,5.5804,5.4451,5.1242,5.0165,4.9379,4.5663,4.432,4.607,4.3239,4.3218,4.1677,3.9111,4.363,4.0968,4.282,4.5764,4.2815,4.6559,4.5163,4.484,4.604,4.42,4.7391,4.887,4.829,5.0942,5.0833,4.9517,4.4753,3.8292,4.0456,3.51,4.0201,3.8868,4.1267,4.1235,4.4142,4.6148,4.8672,5.0705,5.0045,4.365,4.3672,4.4947,4.1014,3.9813,4.2166,4.5351,4.6934,5.1994,4.4243,4.1841,4.2546,0.22321,0.61727,0.68494,0.68494,0.27304,-0.13122,-0.0022355,0.38092,0.45623,0.46616,0.52869,1.1321,0.86795,0.99054,0.98318,0.15912,0.77685,0.86294,1.2818,1.0436,0.82931,0.46407,1.3658,1.2618,1,0.80051,1.1754,0.45431,0.4758,0.66023,0.83665,1.011,0.52179,0.71335,0.84328,0.29566,0.30006,0.42657,-0.13886,0.092837,0.27736,-0.050118,0.40655,0.070151,-0.24156,0.86614,0.7166,1.0506,1.2302,0.25134,1.0005,0.76997,0.78588,0.77805,0.72507,0.87626,0.78004,0.60302,0.29398,0.60819,0.69057,0.7271,0.87943,0.81051,0.83358,0.64417,0.6243,0.69784,0.55775,0.44456,0.61712,0.51323,0.92806,0.73275,0.71443,-0.0703,-0.53561,-0.86441,-0.86441,-0.76856,0.24534,0.11939,-0.49313,-0.5767,-0.70092,-1.2225,-3.0346,-0.8317,-1.5131,-1.9476,-3.2782,-1.1139,-0.098139,-0.41974,-0.9272,-1.4758,-1.9122,-1.8887,-2.3994,-2.9288,-2.6998,-2.8598,-2.6151,-1.8298,-2.332,-2.6523,-2.6347,-1.9196,-0.62754,-1.2224,-0.8369,-0.91846,-1.3905,-1.5432,-1.8471,-1.6396,-1.6827,-2.3701,-0.31195,-1.2352,-1.6609,-1.8848,-1.4958,-0.97904,-2.0084,-0.23558,0.92361,-0.10845,0.32966,-1.3196,-2.0775,-2.0836,-1.1891,-1.0385,-1.7145,-1.372,-1.8102,-0.48822,-0.18862,-0.48315,-0.81048,0.034173,0.38005,-0.042778,-0.082677,0.38224,-0.55314,-0.08278,-0.82127,-0.94359
6.6197,6.9503,5.5493,5.5713,5.7654,6.3301,6.6135,7.3238,6.1672,5.9632,5.8252,6.0929,7.3099,7.0567,6.6583,4.762,5.8066,6.5232,6.9276,6.2192,5.3344,5.0707,6.0018,5.5072,4.6598,4.4672,4.6834,3.713,3.9929,4.1012,3.8344,4.0155,3.7297,4.3107,4.5951,3.974,4.1229,4.3077,3.371,3.8252,3.9739,3.5926,3.8255,4.3342,3.88,4.9227,4.6032,5.3969,5.824,4.1989,5.358,5.0609,4.7773,4.4529,4.0853,3.7244,3.8649,4.132,4.1889,4.3658,4.8718,4.8925,5.6399,5.0812,4.9592,4.7336,4.7428,4.8692,4.753,4.9383,5.5016,5.436,5.311,4.5062,4.4972,0.11632,0.18716,0.034852,0.034852,-0.19837,-0.055532,0.013495,0.082496,0.13451,0.11795,0.036863,-0.10334,0.25515,0.08557,-0.061238,-0.63414,0.12288,0.46629,0.64499,0.18957,0.13413,-0.082415,0.26158,-0.063621,-0.44903,-0.47434,-0.36755,-0.3258,-0.35712,-0.62835,0.027675,-0.041698,-0.16442,0.25812,-0.0036944,-0.7065,-0.47921,-0.1913,-0.37425,-0.39632,-0.14903,-0.49907,-0.34066,-0.069914,-0.66255,-0.035902,-0.10122,-0.052546,0.33481,-0.35207,0.47645,0.57174,0.3869,0.59605,0.038985,0.12808,-0.10831,-0.030324,-0.22016,-0.21673,0.033731,-0.050327,0.41047,0.4633,0.42787,0.18387,0.31577,0.43979,0.25659,0.20167,0.49165,0.14462,0.52033,0.11754,0.17838,-0.14349,-0.32462,-0.43576,-0.43576,-0.17426,-0.093962,-0.087927,-0.10371,-0.066759,0.0044906,0.23883,0.56381,-0.3939,-0.29689,-0.14128,1.6917,-0.19401,-0.69515,-0.85397,-0.78093,0.085427,0.81921,-0.31966,-0.2515,0.030705,0.1501,-0.22611,1.0549,0.16394,-0.24514,1.0343,0.52924,0.5472,-0.28292,-0.47155,-1.1674,-0.64008,0.15477,1.0724,0.86883,0.78677,0.78476,0.8757,0.031823,0.39325,-0.14321,0.24918,-0.71042,-0.81178,0.80155,-0.8125,-1.3201,-0.68951,-0.69366,-0.052537,0.58111,0.30693,-0.077628,0.01022,0.064693,0.058301,0.2553,-0.44972,-0.50579,-0.32829,-0.11013,-0.65123,-0.89615,-0.55955,-0.4031,-0.63318,-0.18408,-0.73268,-0.40915,-0.12852
6.6642,6.9751,5.3662,5.3883,5.4799,6.2276,6.5831,7.3545,6.2683,6.0833,5.9815,6.2715,7.3681,6.9938,6.5264,4.9737,5.8325,6.642,7.1456,6.0183,5.5113,5.3978,6.1036,5.3178,4.2261,4.0679,4.2028,3.9147,3.7177,3.3503,4.3793,4.2384,3.8389,4.4274,4.3556,2.6838,3.3236,4.1938,3.533,3.8633,4.2182,3.4859,3.9227,4.2802,3.414,4.8152,4.6266,4.9891,5.7529,4.2476,5.4282,4.9726,4.8194,4.7021,4.0981,4.143,3.91,4.0628,3.9738,4.1814,4.9347,4.9698,5.8255,5.2916,5.2229,4.8624,4.733,4.8609,4.7298,4.9384,5.6767,5.4886,5.465,4.4192,4.6113,0.029587,0.034147,-0.030648,-0.030648,-0.0091299,0.040728,0.022318,0.001628,-0.024841,-0.0071918,0.036976,0.096154,0.030315,-0.030646,-0.066991,0.081017,0.086425,0.12575,0.18333,-0.011805,0.23651,0.36965,0.099962,-0.23471,0.032947,0.09723,-0.090385,0.60137,0.35,0.2674,0.62556,0.36502,0.42067,0.025563,0.03221,0.24198,0.19149,0.28409,0.5056,0.36717,0.13673,0.26036,0.2698,0.2363,0.32893,0.059427,-0.023355,-0.12517,-0.12432,-0.083695,0.011614,-0.087589,0.25259,0.16022,0.0035811,0.19652,0.24936,0.18904,0.14651,-0.2196,-0.025195,0.13888,0.137,0.13975,0.1557,0.07215,-0.083828,0.10068,0.084761,0.025689,0.043092,0.07077,0.071018,0.17429,0.19338,-0.029979,0.018602,0.30476,0.30476,0.55274,0.28648,0.10557,-0.058022,-0.25193,-0.25476,-0.23861,-0.16482,-0.05578,0.064454,0.12977,-0.26136,0.12109,0.014065,-0.069345,0.37818,0.11933,0.084914,-0.0035682,-0.090675,0.93325,0.99303,0.78044,0.79943,1.2503,2.0366,0.16142,0.28419,0.62297,-0.1822,0.54336,3.0644,1.9815,0.79602,0.68725,0.65814,-0.21526,0.7341,0.34523,0.5806,1.5897,0.33387,-0.093453,0.56517,-0.10648,-0.2648,-0.11717,0.0014105,0.42088,-0.17801,-0.01827,-0.44422,0.40841,0.51635,0.72311,-0.07044,-0.17615,0.12311,-0.097217,-0.14129,-0.21604,-0.11331,-0.14795,0.21793,0.21589,0.051132,-0.26394,0.036379,-0.16594,0.52265,0.15852
6.6788,7.0185,5.488,5.51,5.7472,6.4116,6.6582,7.3271,6.1175,5.9488,5.8992,6.2852,7.3705,6.9954,6.5243,4.924,5.9794,6.7747,7.2942,6.1956,5.8074,5.8099,6.2017,5.0378,4.7257,4.6616,4.5027,4.9158,4.6929,4.636,5.0856,4.7455,4.571,4.3619,4.6595,4.4579,4.5058,4.8759,4.3822,4.5595,4.2473,4.1133,4.3651,4.8068,4.5378,5.0415,4.5565,5.1465,5.5754,4.0315,5.3812,4.8858,5.2824,4.7733,4.0925,4.1174,4.3636,4.51,4.4819,3.9266,4.8214,5.1702,5.9139,5.3607,5.2706,4.8779,4.5752,5.0705,4.9225,4.9897,5.5878,5.5776,5.453,4.8548,4.884,0.036358,0.031767,0.16887,0.16887,0.27103,0.19721,0.087007,-0.05822,-0.13393,-0.11745,-0.057438,0.045742,0.031964,-0.036233,-0.10245,0.30072,0.34585,0.28524,0.12093,0.025799,0.1466,0.2942,-0.05015,-0.17075,0.12063,0.20682,0.32751,0.47915,0.43007,0.73545,0.16741,-0.0016915,-0.022089,0.15741,0.19724,0.89988,0.64041,-0.089508,0.14908,0.18732,0.16494,0.49471,0.38729,-0.13776,0.12818,0.002449,0.045108,0.32392,-0.17825,0.46799,-0.045488,-0.19411,0.23484,-0.070307,0.26942,-0.28807,0.1582,0.062492,0.30536,0.013575,-0.11447,0.21233,-0.070562,0.081669,-0.068169,0.04841,0.010174,-0.052547,-0.0072153,0.10944,-0.12852,0.15729,-0.16004,0.22254,0.099693,0.04352,-0.023362,0.094277,0.094277,0.0075735,0.026489,0.023806,-0.061673,0.033745,0.03424,0.04978,0.063997,0.059078,-0.075628,-0.20069,0.70076,0.39776,0.30492,-0.05546,-0.30297,-0.29914,-0.2358,-0.29666,0.21858,-0.75788,-0.77385,0.055355,-1.0439,-1.0902,-1.1005,-1.0777,-1.0176,-1.5085,0.44589,-0.21329,-1.7486,-1.0837,-1.5432,-1.4003,-1.0178,0.27169,-0.26538,-0.11025,-1.3287,-1.9912,-0.44782,0.23038,0.33302,-0.0013633,1.3682,0.0029696,-0.21445,-0.45637,-0.28304,0.54995,-0.52497,-0.59073,-0.76944,-0.4054,0.53679,-0.0024007,0.023789,-0.3179,0.025121,-0.23169,0.065833,0.33596,-0.52438,-0.39985,0.11636,-0.079288,0.13665,-0.29618,-0.42615,-0.3459
6.7369,7.0386,5.704,5.7261,6.022,6.622,6.7571,7.238,6.0004,5.8484,5.8666,6.363,7.432,6.9213,6.3215,5.5751,6.5241,7.2124,7.3874,6.0699,5.8044,5.9863,6.0033,4.9763,4.4674,4.4815,4.8578,4.873,4.5779,4.8212,4.7141,4.235,3.7947,4.7422,4.7501,4.4835,4.6044,4.0148,3.8312,4.2379,4.5481,4.4753,4.6973,4.0047,3.6704,4.8201,4.7168,5.637,5.3964,5.1836,5.3372,4.5844,5.2891,4.5615,4.6369,3.5669,4.2264,4.1878,4.5846,4.2085,4.7057,5.3945,5.6843,5.455,5.0866,4.9592,4.7533,4.7558,4.7154,5.1573,5.4196,5.8032,5.1449,4.8643,4.8107,0.038005,-0.026621,0.12109,0.12109,0.19738,0.17743,0.094443,-0.083798,-0.18019,-0.12209,0.0065104,0.1311,0.025634,-0.10652,-0.27085,0.55936,0.46192,0.37816,0.059624,-0.075168,0.0019338,0.22981,-0.09437,0.086245,-0.021535,-0.14979,0.23183,-0.02347,-0.030791,0.063527,-0.30181,-0.21364,-0.15805,0.13773,-0.099799,0.065541,0.14315,-0.40853,-0.63279,-0.21356,-0.038729,0.24271,0.1857,-0.35537,0.070711,-0.12708,0.10126,0.13622,-0.23987,0.87589,-0.049473,0.040567,-0.13711,-0.25312,0.12176,0.1987,0.033723,-0.021179,0.0090064,0.2418,-0.068691,0.24582,-0.2435,0.16514,-0.28997,-0.087952,0.16657,-0.15534,-0.093069,0.10419,0.051013,0.049907,-0.011559,0.11835,-0.10429,-0.040225,-0.093414,-0.18985,-0.18985,-0.15488,-0.06606,-0.0089345,0.010517,-0.12626,-0.043516,0.078116,0.10671,-0.071736,-0.06495,-0.13611,-0.18348,-0.1656,-0.11908,-0.067149,0.10104,0.0098128,0.10701,0.20822,0.29542,0.47355,0.060634,-0.24671,0.038639,0.16844,-0.2433,0.13929,0.5937,1.2366,-0.48524,-0.38079,0.07991,0.089149,0.90518,-0.16344,0.21607,-0.67904,-0.23862,-0.29293,0.89348,1.8762,0.18877,-0.11809,-0.70843,-0.12189,-0.55237,-0.010939,0.6838,-0.28754,-0.082586,-0.84528,1.4985,0.34178,0.6021,-0.18732,-0.080333,0.093964,0.043188,-0.027982,0.14182,-0.21192,-0.33856,-0.023171,0.31879,0.22814,-0.12685,0.43836,-0.35141,0.59314,0.21777,-0.062063
6.7548,6.9653,5.7301,5.7522,6.1419,6.7664,6.8471,7.1595,5.7571,5.7046,5.9122,6.5474,7.4218,6.7823,5.9826,6.0427,6.9033,7.531,7.4135,6.0452,5.8113,6.2696,6.013,5.2103,4.6826,4.362,4.9663,4.8688,4.6313,4.7631,4.4819,4.3182,4.2549,4.6373,4.4599,4.589,4.7921,4.0588,3.1167,4.1324,4.1699,4.5987,4.7365,4.096,4.6792,4.7874,4.759,5.419,5.0956,5.7833,5.2823,4.9669,5.0082,4.2671,4.336,4.5148,4.4311,4.4677,4.4999,4.4102,4.684,5.6619,5.4268,5.691,4.6907,4.702,4.9083,4.7599,4.7364,5.1981,5.6898,5.6774,5.4299,5.0915,4.6754,0.0065418,-0.092657,0.0046691,0.0046691,0.0909,0.1322,0.085271,-0.10474,-0.39336,-0.27656,-0.00267,0.16329,-0.092111,-0.19268,-0.20466,0.46708,0.35737,0.28981,-0.050892,-0.23137,-0.17683,0.2819,0.078306,0.37166,0.56549,0.53263,0.049022,-0.10703,0.079385,0.067815,-0.042038,0.19835,0.45713,-0.17148,-0.49751,0.13077,0.15782,0.23904,0.2398,-0.12419,-0.34621,0.015172,-0.028131,0.47615,0.81205,-0.11288,0.11795,-0.32785,0.052287,0.27214,-0.065217,0.32644,-0.43909,-0.43663,-0.32723,0.62712,0.13647,0.18383,-0.19501,0.20063,0.28248,0.036578,0.040062,-0.015806,-0.23045,-0.091722,-0.08983,0.018656,0.056408,0.012112,0.10596,-0.054534,0.11553,0.19162,0.076894,-0.022701,-0.038658,-0.04299,-0.04299,-0.058069,-0.024394,-0.0094099,-0.052402,-0.30008,-0.26541,-0.096477,-0.042319,-0.16375,-0.10736,0.26848,-0.0010647,-0.043517,-0.057607,-0.15388,-0.41344,-0.36734,-0.0028253,0.13714,0.27542,0.7005,1.3042,-0.11891,-0.20575,0.051911,0.25188,0.38024,0.23029,-0.0062055,-0.13318,-0.41463,0.050539,-0.059814,0.38996,1.9086,-0.037326,0.064079,-0.21645,-0.13473,0.76958,-0.39357,-0.16037,0.15147,-0.21971,0.70621,-0.65512,-0.02055,-0.11206,-0.31641,-0.28442,-0.052701,-0.64168,-0.13628,-0.19208,-0.22072,-0.0020183,0.60839,-0.46167,0.59511,-0.5037,0.33096,0.33102,-0.48962,0.029209,0.070812,-0.057315,-0.32847,0.14253,-0.33896,-0.071242,0.42443
6.75,6.8533,5.7133,5.7354,6.2038,6.8864,6.9276,7.0286,5.2137,5.2953,5.8613,6.6895,7.2478,6.536,5.9122,6.5093,7.2389,7.7921,7.2856,5.6071,5.4508,6.55,6.1599,5.7197,5.5984,5.5468,4.9559,4.6589,4.7366,4.9568,4.63,4.6317,4.7089,4.3993,3.755,4.7451,4.9201,4.4929,4.3108,3.9895,3.8557,4.5056,4.641,4.957,5.2945,4.5943,4.9527,4.9813,5.501,5.7279,5.2068,5.2373,4.4109,3.6883,3.9824,4.8211,4.4994,4.5555,4.1945,4.6098,5.2707,5.4676,5.7645,5.4234,4.6257,4.7758,4.5736,4.7931,4.8282,5.1815,5.6315,5.6941,5.376,5.2475,4.9645,-0.003763,-0.17771,-0.086532,-0.086532,0.014416,0.10156,0.065976,-0.21537,-0.25278,-0.15494,0.0617,0.16727,-0.35701,-0.30646,-0.003402,0.36663,0.22188,0.078776,-0.49285,-0.43662,0.35314,0.37178,0.11725,0.23602,0.59625,0.72433,-0.0059848,-0.21051,0.0048094,-0.10456,-0.19667,0.23257,0.37946,-0.089618,0.066005,0.0029882,-0.25422,-0.040261,0.4789,0.14989,0.37568,0.132,-0.060008,0.57152,0.09863,0.11341,0.085494,0.045435,0.42445,-0.55707,-0.10432,-0.14382,-0.57853,-0.0096221,0.25588,-0.079532,-0.032105,-0.16211,0.0010228,0.37481,0.22076,-0.22026,-0.091176,-0.4544,0.14582,0.061905,-0.23101,-0.19105,0.075245,0.022734,-0.069809,0.038938,0.029811,0.025501,0.12244,0.0020919,-0.13144,-0.13941,-0.13941,-0.0949,-0.03688,-0.029179,-0.16886,0.58124,0.50865,0.22522,0.050273,-0.36605,-0.1202,0.13404,-0.19984,-0.22746,-0.36447,-0.73003,0.0029246,1.4273,0.18258,-0.059245,-0.5467,-0.63898,-0.9208,0.0088953,-0.0012186,-0.20106,-0.59663,-0.68951,-0.16186,-0.14912,0.2969,1.5417,-0.30609,-0.76425,-0.94856,-1.4304,0.58548,1.3797,0.4501,0.070975,-0.57885,-1.0333,0.61296,-0.21639,0.96628,0.038117,-1.0033,-0.057659,-0.82845,0.037525,1.1384,1.2189,-0.77162,-0.20088,-0.49979,0.6128,0.35038,-0.73184,-0.052008,-0.85759,-0.37348,0.42159,-0.023761,0.20727,-0.44862,-0.033138,0.078559,-0.023059,0.044416,0.16753,-0.26099,-0.33334
6.7473,6.6099,5.5571,5.5792,6.1708,6.9696,6.979,6.7288,5.2515,5.3947,6.0356,6.8819,6.7078,6.1694,5.9758,6.776,7.347,7.6886,6.4278,5.172,6.5176,7.0131,6.2475,5.6823,5.8751,5.8107,4.9543,4.4478,4.6409,4.554,4.0886,4.7833,5.0138,4.4581,4.5919,4.595,4.2837,3.9783,4.0744,4.4322,4.9212,4.8627,4.6165,5.2391,4.8765,5.0142,4.93,5.5098,5.9445,4.6691,5.0737,4.6793,3.8511,4.2479,4.8478,4.3557,4.3668,4.1435,4.502,5.1598,5.1256,5.2213,5.2445,4.7822,4.9823,4.8258,4.4463,4.3778,4.8869,5.2435,5.5502,5.7552,5.4895,5.1425,4.9203,-0.026464,-0.45627,-0.45405,-0.45405,0.049313,0.040936,0.015421,-0.46425,0.17915,0.35441,0.27114,0.1778,-0.95782,-0.46862,0.12616,0.14637,-0.062351,-0.51104,-0.77271,0.56844,0.95673,0.12541,-0.077974,0.015561,0.27339,-0.73733,-0.11706,0.11858,0.20082,0.075604,0.33398,0.22344,-0.33324,-0.12868,0.67266,-0.16123,-0.18056,0.16098,0.19127,0.66606,0.61756,0.30618,0.26451,0.19705,0.28008,0.38254,0.25516,0.28152,-0.24262,-0.52326,-0.49102,-0.6066,-0.031022,0.4712,0.084178,-0.4601,-0.090732,-0.12592,0.18624,0.020752,-0.27127,-0.14674,-0.24872,-0.11296,0.033624,-0.1652,0.020411,-0.11521,-0.11836,-0.18391,-0.061272,-0.053027,-0.021446,-0.033568,0.043901,-0.047495,-0.42569,-0.59562,-0.59562,0.16469,-0.084376,-0.07193,-0.32889,0.28262,0.51004,0.19366,-0.029218,-0.83558,-0.20413,0.12509,-0.24068,-0.341,-0.81517,0.17031,2.0072,-0.22007,-0.67531,-0.33121,0.10579,-0.0067418,-2.0025,-0.23105,0.65941,0.59308,0.95695,1.7508,0.14359,-1.2763,-0.37501,-0.32836,-0.02235,0.91155,1.351,0.85516,0.44686,-0.89595,-0.10174,0.57807,-0.17008,1.3962,-0.074714,0.55571,-0.49411,-1.3723,1.0709,-0.71574,-0.097121,1.0575,-0.1768,-1.5623,0.010482,0.083629,0.57218,-0.24235,-1.0585,-0.25223,0.19904,0.5425,1.0564,-0.64598,-0.43044,0.29557,0.6003,-0.35408,-0.49185,0.040133,-0.22834,-0.27004,0.14286,0.17627
6.6971,5.9408,4.8052,4.8273,6.3024,6.9683,6.9585,6.1001,5.572,6.0041,6.4036,7.0451,5.3321,5.5987,6.1645,6.802,7.1142,6.77,5.7402,6.744,7.3643,6.8009,6.0039,5.7508,6.1451,4.0721,4.7218,4.8961,5.1383,5.108,5.298,5.0786,4.0424,4.1419,5.1004,4.4226,4.5589,4.8148,4.6933,5.3217,5.0908,5.118,5.17,5.3511,5.8547,5.3594,5.463,5.5443,5.0158,4.6813,4.2248,4.0241,4.3489,4.6307,4.1508,3.9009,4.3179,4.3036,4.567,4.6513,4.7282,5.1741,5.267,5.1974,4.6929,4.4454,4.6145,4.5627,4.5915,4.8137,5.509,5.5881,5.3331,5.1804,5.0523,-0.12227,-0.57116,-0.24677,-0.24677,0.30521,-0.1181,-0.13683,-1.0403,-0.21611,0.45872,0.2639,-0.11957,-0.84383,-0.74234,0.08161,-0.16925,-0.45729,-0.77506,0.16767,1.1712,0.35588,-0.34773,-0.17359,-0.19156,-0.35401,-0.055574,0.28017,0.30657,0.37168,0.41723,0.48433,0.091322,-0.088911,0.34836,0.11791,-0.092222,0.32074,0.52497,0.32935,0.37259,0.13353,0.18043,0.52126,0.23285,0.20849,0.25181,0.095675,-0.122,-0.59026,-0.00057729,-0.35826,-0.034876,0.32582,0.2337,-0.17189,0.097404,-0.01997,0.19684,-0.0060609,-0.31478,-0.17772,-0.097583,-0.079677,-0.076792,-0.24384,-0.10201,0.090905,0.11651,-0.10003,-0.11506,-0.15511,-0.047539,-0.3096,-0.038563,-0.099788,-0.14412,0.19591,1.0102,1.0102,0.34711,-0.23369,-0.23257,-0.82328,-1.0731,-0.30142,-0.20814,-0.56551,1.0636,-0.34331,-0.2142,-0.39055,-0.44888,0.28713,1.7104,-0.80171,-0.98165,-0.27097,0.13998,-0.52004,-1.2481,3.366,1.0255,-0.28344,-0.25136,-0.2737,-1.4501,-0.40782,1.7649,1.3291,-0.78115,0.16037,0.091058,-0.62306,-0.57899,-1.0338,-0.072094,-0.14976,-0.064569,0.24167,-1.5394,-0.18674,-0.87467,-0.31294,0.677,-0.025541,0.98126,1.2406,-0.34381,-0.29819,1.0502,1.1045,0.057896,0.073339,-0.14226,0.38743,0.43934,-0.10071,-0.20442,-0.98402,0.091059,0.55681,-0.15458,-0.13687,0.39075,0.62955,-0.22781,0.23932,-0.30627,-0.15285,-0.46365
6.5028,5.4676,5.0635,5.0856,6.7812,6.7334,6.7054,4.6481,4.8193,6.3122,6.5634,6.6428,5.0201,4.6847,6.1391,6.4375,6.4324,6.1385,6.7631,7.5144,7.2293,6.3177,5.9003,5.2992,5.1671,5.6995,5.5147,5.0609,5.3843,5.3884,5.0572,4.966,4.836,5.1548,4.8277,4.4106,4.9252,5.0282,4.7332,5.1774,5.1883,5.2235,5.659,5.7048,5.2935,5.5178,5.1214,5.2658,4.764,4.668,4.3571,4.6095,4.5028,4.7153,4.504,4.5506,4.3269,4.5371,4.4898,4.5302,4.7701,5.0262,5.0851,4.6286,4.4946,4.6218,4.6281,4.6108,4.6868,5.0134,5.24,5.6602,4.8703,5.0654,4.7207,-0.11854,-0.082162,0.49516,0.49516,0.33209,-0.26413,-0.28747,-0.31775,0.21547,0.21425,0.082769,-0.64222,-0.0397,0.068647,-0.10608,-0.43288,-0.65953,-0.12253,0.80945,0.30957,-0.64354,-0.19325,0.26417,-0.059112,-0.90385,0.32208,0.33058,-0.061404,0.00016256,-0.016401,-0.32355,0.086588,0.50046,0.041909,-0.118,0.091835,-0.1186,-0.087861,0.21226,0.16239,0.04438,-0.033671,0.034018,-0.26452,-0.36015,-0.39995,-0.41381,-0.61343,-0.58485,-0.45996,-0.048666,-0.16191,-0.14644,-0.37636,-0.33589,0.20482,-0.079449,0.13483,-0.075259,-0.24341,-0.035815,-0.31179,-0.5746,-0.54948,-0.47488,-0.16554,-0.34274,-0.25713,-0.23393,-0.051183,-0.16192,-0.1699,-0.11145,-0.28226,-0.43872,0.15158,0.78209,0.47372,0.47372,-0.29336,-0.058375,-0.068718,2.2685,1.9363,-0.18752,-0.15412,-0.47978,0.54471,1.9653,-0.16119,-0.13672,0.044406,1.0179,-0.42687,-0.92154,-1.0172,0.57993,0.73555,0.78494,0.1484,-2.6107,-0.92466,-0.45251,-0.49167,-0.59356,-0.16563,0.39835,-0.5862,-1.942,0.30932,0.20774,-0.96974,-0.60259,0.34481,0.6134,-0.10621,-0.27844,-0.90993,-1.2364,0.40207,-1.1168,-0.1443,-0.66992,-0.66618,-0.89322,-0.36207,-1.4946,-0.60072,-0.92193,-1.3782,-0.8897,-0.17685,-0.19736,0.003861,-0.2447,-0.15553,-0.32769,-0.78543,0.038647,-0.55314,-0.68387,-0.71272,-0.6104,-0.65854,-0.5018,0.21418,-0.48405,0.70258,-0.33456,-0.21422
6.46,5.7764,5.7955,5.8176,6.9666,6.44,6.3835,5.4646,6.0029,6.4326,6.5691,5.7607,5.2527,5.736,5.9524,5.9363,5.7951,6.5249,7.3591,7.3632,6.0772,6.4144,6.5323,5.6326,4.3375,4.7162,5.3829,4.7733,5.1386,5.0752,4.6509,5.2518,5.0434,4.2257,4.8644,4.6063,4.3217,4.6391,5.1178,5.6464,5.1796,5.0507,5.2381,4.8221,5.1343,4.5595,4.6354,4.3175,3.8461,3.7614,4.1274,3.7003,4.056,3.8779,3.479,4.3105,4.159,4.5733,4.4165,4.1645,4.6565,4.5506,4.1178,4.0985,3.7432,4.1143,3.929,4.0484,4.1236,4.7113,5.1852,5.2482,5.1102,4.6159,4.1749,-0.07271,0.0045001,0.35033,0.35033,0.17238,-0.33755,-0.42113,0.42268,0.73052,0.018889,-0.095869,-0.97911,0.14818,0.75293,-0.070054,-0.46295,-0.09453,0.37071,0.23468,-1.1018,-0.8346,0.20916,0.27803,0.13922,0.069472,-0.20402,-0.24857,0.06355,-0.1684,-0.72292,-0.18947,0.22047,-0.042262,-0.01374,-0.023922,0.38921,0.17752,0.17312,0.58381,0.20019,-0.54278,-0.31853,-0.76088,-0.46329,-0.35978,-0.5633,-0.58559,-1.0523,-0.75942,-0.40287,-0.29323,-0.50487,-0.6565,-0.85386,-0.46213,-0.39544,-0.15638,-0.37243,-0.22753,0.14663,0.11093,-0.18684,-0.5255,-0.21939,-0.29814,-0.59054,-0.45014,-0.18742,-0.19513,-0.30402,-0.083135,-0.26887,-0.20496,-0.16385,-0.19759,-0.05993,-0.60877,-0.76338,-0.76338,-0.026051,-0.08847,-0.19859,-0.7876,-0.90621,-0.2032,-0.20315,-0.194,-0.16895,-0.59673,0.23324,0.076583,1.0856,-0.031454,-0.72267,-1.9011,0.63508,0.22488,-0.70783,-0.38828,1.7982,1.5585,-0.23363,0.70241,0.15453,-0.81948,0.43377,-0.13058,-0.49924,1.8307,-0.12116,0.38701,1.562,1.1246,0.3983,-0.53781,-1.0681,-0.29128,-0.67987,0.83886,-0.40132,0.7901,-0.19926,-0.20785,0.31704,1.0074,-0.12704,0.80871,-0.41939,-0.033057,1.1257,-0.3108,0.022992,-0.81715,-0.3084,1.0248,0.44902,0.57758,0.88363,0.62153,0.90663,-0.16613,0.49793,0.74983,0.73613,-0.0038638,-0.056607,0.28611,-0.8896,0.57137,0.69649
6.3574,5.4766,5.7642,5.7863,7.1259,6.0583,5.8631,5.4935,6.2803,6.3499,6.3717,4.6846,5.3165,6.1906,5.9989,5.5116,6.2434,6.8799,7.2325,5.3108,5.5601,6.736,6.4564,5.5776,5.306,5.2915,5.0175,5.188,5.0475,3.9426,4.6783,5.4069,4.7515,5.1273,4.7799,5.189,5.2802,5.3745,5.9008,5.5777,4.1027,4.5865,4.1373,4.7782,4.5739,4.3912,3.9502,3.1612,3.2452,3.8623,3.7707,3.5998,3.1898,3.0075,3.5797,3.7597,4.0141,3.7923,4.0348,4.8235,4.992,4.6525,4.0341,4.1899,3.8984,3.4407,3.7278,4.2359,4.2965,4.4054,5.0737,5.1224,4.4604,4.7377,4.3255,-0.24374,-0.083099,0.19831,0.19831,-0.071398,-0.42316,-0.51834,0.10643,0.16836,-0.17631,-0.41143,-0.28389,0.24858,0.0042896,-0.23016,-0.10536,0.34684,0.23593,-0.59224,-0.50143,0.34467,0.022644,-0.57071,-0.86264,-0.025892,-0.18774,-0.21535,0.13014,-0.19514,-0.13155,0.20661,-0.35455,-0.24454,0.013466,0.22189,0.46854,0.65797,0.63215,0.15475,-0.55483,-0.88362,-0.49702,-0.41411,-0.44086,-0.55514,-0.53427,-0.73587,-0.52166,-0.25021,-0.1373,-0.49295,-0.40894,-0.70914,-0.40893,-0.1106,-0.54075,-0.44742,-0.63959,-0.31849,0.15347,0.041721,-0.031658,-0.035416,-0.11462,-0.24329,-0.39154,-0.23787,-0.20081,-0.20956,-0.21241,-0.13177,-0.12269,-0.12697,-0.014539,-0.2036,-0.28214,0.43357,0.45933,0.45933,-0.4615,-0.082749,0.0041528,0.1551,-0.21809,-0.1872,-0.42797,1.5844,0.36974,-0.90054,-0.55346,0.63859,-0.20285,-0.2381,-0.93117,3.1018,1.7235,-0.5979,-0.98965,-1.6154,-1.989,-1.526,0.30006,-0.56923,-0.20801,2.0022,0.3584,-1.0195,0.094682,-1.7763,0.61278,-0.22836,-0.60105,-0.20649,-1.2564,-0.97223,0.38642,-0.065699,1.3734,-0.794,0.010611,-0.73206,-0.10128,1.2692,0.70139,-0.47625,-0.27241,-0.61686,0.31411,0.92291,-0.42268,0.020178,-0.60506,0.28284,0.12648,-1.0111,-0.58744,-0.26722,0.096537,-0.41199,-0.79693,0.56414,-0.073398,-0.77663,-0.76499,0.18709,-0.040671,0.006246,1.0456,-0.27275,-0.70851
5.9725,5.6102,6.1922,6.2142,6.8238,5.5937,5.3468,5.6774,6.3397,6.08,5.7463,5.1929,5.7499,5.7446,5.4921,5.7255,6.4888,6.9968,6.1746,6.3603,6.7665,6.4597,5.3908,3.9073,4.2857,4.3408,4.9522,5.0336,4.7483,4.8121,5.0641,4.5426,4.5543,4.2527,5.3081,5.5433,5.6377,5.9034,5.4273,4.5368,3.4123,4.0566,4.4098,3.9403,4.0241,3.4909,3.1637,3.2741,3.3457,3.4868,3.1415,2.8824,2.6377,3.0601,3.2578,3.229,3.2642,3.2941,3.7795,4.4714,4.74,4.4872,4.047,3.8692,3.2566,3.3312,3.4532,3.6468,3.7045,4.2865,4.9216,5.0029,4.8562,4.5868,3.7677,-0.28406,0.032984,0.33204,0.33204,-0.27194,-0.32564,-0.22417,0.31567,-0.072752,-0.30928,-0.96115,0.33732,0.44071,-0.30203,-0.1496,0.38651,0.15054,-0.55606,-0.8174,0.72058,0.34955,-0.64644,-0.45667,-0.10008,-0.24802,-0.13053,-0.14316,-0.56694,-0.23425,0.28355,-0.079744,-0.19029,-0.11725,0.0019585,0.12338,0.054676,0.13565,-0.21847,-0.75056,-0.8304,-0.34582,-0.68795,-0.26021,-0.76477,-0.7887,-0.67452,-0.41565,-0.11836,-0.28206,-0.55742,-0.77126,-0.32918,-0.18091,-0.24424,-0.51828,-0.44081,-0.50625,-0.4961,-0.42167,-0.54369,-0.27905,0.042101,-0.068359,-0.32021,-0.39357,-0.087989,-0.21764,-0.5587,-0.4134,-0.17805,-0.25447,-0.22445,-0.033951,-0.38575,-0.50226,0.20151,-0.2014,-0.19189,-0.19189,0.060417,0.27778,0.5842,0.26338,-0.26414,-0.078751,-0.67147,-0.34202,0.014527,0.2879,0.71458,0.34515,-0.18976,-1.3459,0.48085,-0.6578,-1.7137,-0.74026,1.2177,3.1406,1.5447,1.6404,-0.15566,-0.82494,0.12978,-1.172,-0.93111,1.348,0.1599,1.7533,-0.8098,-0.59936,-0.44359,-1.4948,-0.5542,0.42109,0.68917,-0.31615,-1.0656,0.14618,-0.47774,0.45156,0.74172,-0.46255,-0.7651,-0.36399,-0.28422,0.77638,0.74234,-0.59353,-0.39269,0.1797,0.48739,0.0041235,-0.33284,-0.38323,-0.0541,0.41473,-0.16242,0.00081679,0.49638,0.042961,0.11385,0.060864,0.35731,-0.11837,-0.20473,-0.20977,-0.85953,-0.46968,0.11118
5.7892,5.5425,6.4283,6.4503,6.5821,5.407,5.4148,6.1248,6.1348,5.7314,4.4494,5.3592,6.1979,5.5865,5.6997,6.2846,6.5445,5.7678,5.5977,6.752,6.2592,5.4431,5.543,5.3775,4.81,5.0304,4.7312,4.0542,4.579,4.5097,4.5188,5.0264,4.517,5.1312,5.0266,5.2983,5.5515,4.9375,4.3997,3.9169,3.4111,3.2106,3.6168,3.2486,2.9965,3.0422,3.1189,2.9245,2.6811,2.7474,2.2282,2.9414,2.828,2.5191,2.5432,2.8781,3.0016,2.8001,3.1914,3.7361,4.4339,4.7367,3.8974,3.5494,3.1112,3.2647,3.2925,3.1186,3.4697,4.0493,4.5648,4.6735,4.3925,3.9662,3.321,-0.22151,0.089907,0.067696,0.067696,-0.35575,-0.16419,0.026217,0.19155,-0.29907,-0.30609,-0.23696,0.30129,-0.16749,-0.36951,0.17117,0.1627,-0.27925,-0.54991,0.14368,0.042321,-0.83624,-0.55726,-0.18293,0.18992,0.35697,0.23621,-0.61199,-0.29714,-0.17364,-0.36038,-0.29066,-0.030245,0.22315,0.25208,-0.17614,-0.29954,-0.77159,-0.92269,-0.79972,-0.66491,-0.14739,-0.43186,-0.80453,-0.31016,-0.47034,-0.22211,-0.19307,-0.26885,-0.2527,-0.45787,-0.22776,-0.19352,0.031831,-0.23901,-0.20186,-0.32757,-0.21427,-0.27726,-0.4617,-0.57242,-0.54143,0.016886,-0.1653,-0.31081,-0.11803,-0.17896,-0.2066,-0.34457,-0.26803,-0.22173,-0.36837,-0.36613,-0.48307,-0.42651,-0.4505,-0.076414,0.31525,-0.33679,-0.33679,-0.22803,0.045132,-0.083432,-0.51162,-0.1885,0.085127,2.1198,0.26996,-1.2309,-0.42287,-0.073028,-0.79277,-0.66982,1.3582,1.4413,-0.69872,-0.65787,0.9186,-0.67025,-2.5606,-0.33475,-0.90691,-0.78201,1.3646,-0.0085462,-0.11583,0.50928,-1.0279,0.52091,-1.253,0.21077,-0.10908,-1.3709,0.086334,0.45589,-0.0901,-0.2923,0.82832,-0.023041,0.76306,1.1145,0.45326,-0.29656,0.16158,0.82384,0.56309,1.3712,-0.50506,-0.31685,0.60399,1.0255,0.046764,0.096573,0.43355,0.25277,0.32578,-0.47066,-0.46516,-0.031458,0.017991,0.054691,-0.2249,-0.091761,0.36739,-0.066565,0.031005,-0.023058,-0.073572,-0.038713,0.38817,-0.0076541
5.5295,5.7901,6.3276,6.3496,6.1123,5.2654,5.3993,6.0605,5.7415,5.4678,5.2723,5.7955,5.4149,5.0056,5.8344,6.0509,5.9303,5.897,6.462,6.4449,5.094,5.3451,5.025,4.2871,4.9996,4.8132,3.7282,4.4393,4.4011,4.0914,4.4828,4.4822,5.0006,4.7568,4.9559,4.9443,4.0945,4.058,3.8279,3.207,3.1175,3.1929,2.8008,3.32,3.0834,3.0467,2.7775,2.7364,2.8403,2.5711,2.686,2.4954,2.7014,2.582,2.8541,2.5739,2.8357,2.7396,2.8561,3.3266,3.6571,4.521,3.7164,3.2476,3.0205,2.9733,3.04,2.9577,3.1684,3.8431,4.1849,4.2706,3.8901,3.7338,2.8667,-0.52153,0.093683,-0.0063675,-0.0063675,-0.66461,-0.076744,0.064809,0.073482,-1.3354,-0.34061,0.47608,0.25137,-0.84789,-0.033391,-0.0040231,-0.34463,-0.5674,0.18173,0.45586,-1.076,-0.75709,0.05444,-0.50808,-0.24111,0.14337,-0.26265,-0.0033782,0.1958,0.065333,-0.010004,-0.010356,-0.12266,0.035678,-0.088477,-0.080532,-0.53411,-0.98474,-0.63115,-0.49047,-0.18836,-0.0528,-0.019085,-0.13865,-0.082051,0.15525,0.14737,0.035253,0.11755,0.32364,0.19419,0.47337,0.10891,0.13647,0.26885,0.24952,0.024213,-0.0087148,0.051093,-0.13038,-0.30329,-0.40992,-0.38248,-0.10244,-0.10995,0.14566,0.01773,0.061055,0.11511,-0.029313,-0.25911,-0.38187,-0.43286,-0.41262,-0.25169,-0.10628,-0.52363,-0.3077,0.18867,0.18867,-0.3897,0.12976,0.16062,0.27548,-1.8841,-0.15415,-0.69374,-0.36981,-0.12987,1.0951,-0.27736,-0.22189,0.09352,0.1051,-0.81696,-1.538,0.81617,0.3048,0.019952,1.6985,-0.092447,-0.09081,1.9992,-0.37868,0.48648,0.81658,0.051333,0.8431,-0.89585,0.5719,-0.019554,-0.36007,0.9446,0.49674,0.16261,1.0432,0.48148,-0.0027599,1.3548,-0.30685,0.13672,0.28572,0.75321,0.61122,0.32883,0.74103,0.031018,1.1099,0.52613,0.41172,-0.12279,0.65681,0.31454,0.22316,0.40988,0.21247,0.73367,-0.33357,0.15718,0.38372,0.47268,0.61828,0.62707,0.55197,0.544,-0.10576,-0.0039484,-0.059894,0.17962,-0.038526,0.69609
4.7462,5.7299,6.4155,6.4376,5.2528,5.2535,5.5444,6.2718,3.4641,5.0502,5.4015,5.862,4.5021,5.5197,5.6917,5.5953,5.4097,6.1312,6.5094,4.5999,4.745,5.552,4.5269,4.8953,5.0968,4.5051,4.7245,4.4458,4.7096,4.4897,4.4981,4.7811,4.5883,4.9543,4.8656,4.2301,3.582,3.6752,3.4187,3.5402,3.3055,3.1724,3.3395,3.0845,3.307,3.3369,3.1894,3.1596,3.3283,3.1358,3.1749,3.1592,3.1009,3.0568,3.0422,2.9265,2.9842,2.9023,2.9307,3.1295,3.614,3.9717,3.6925,3.3295,3.4025,3.3002,3.4146,3.3488,3.4111,3.5311,3.801,3.8078,3.5673,3.4628,3.1084,-0.17349,0.12447,-0.052857,-0.052857,-0.49345,0.0569,0.034595,-0.1153,-1.4867,-0.24353,-0.0040633,-0.14898,-0.38901,0.3473,-0.10553,-0.37207,-0.10642,0.22167,-0.32025,-0.95296,0.17007,-0.28974,-0.68046,0.08606,-0.4802,-0.32138,0.35379,-0.56904,-0.036785,0.10217,-0.067231,0.043757,-0.41928,-0.078035,-0.42834,-0.8394,-0.43698,-0.35236,-0.51198,-0.31098,-0.17224,-0.066115,-0.0054492,-0.4042,-0.32496,-0.28944,-0.31004,-0.18568,-0.16403,-0.033229,-0.21122,-0.087035,-0.15721,-0.25565,-0.20961,-0.089751,-0.44282,-0.18818,-0.23664,-0.50534,-0.21044,-0.5924,-0.3056,-0.2028,-0.23917,-0.31797,-0.2656,-0.3875,-0.45812,-0.58839,-0.54476,-0.47688,-0.39324,-0.43435,-0.21984,1.2197,0.36927,-0.28164,-0.28164,0.73202,0.13753,-0.22104,-0.65305,1.5815,0.34831,-0.26654,-0.4309,1.0476,-0.33372,0.074341,0.16701,0.82844,-0.025234,-0.73528,1.7841,1.0382,-0.99317,-0.36471,-1.0442,-1.1547,-0.026639,-1.2849,-1.151,-0.69072,-0.59224,-0.16508,-0.51027,-0.014073,-0.55102,-0.67605,-0.2505,0.15092,0.06084,-0.20562,-1.2884,-0.72035,-0.0913,-1.0884,-0.33745,-1.0972,-1.1594,-1.4438,-1.2177,-1.3042,-1.1959,-1.4002,-1.5018,-1.1135,-1.4607,-0.79547,-0.88473,-1.1828,-0.7017,-0.62242,-0.61656,-0.33472,-0.08627,-0.5635,-0.56943,-1.2423,-1.2897,-1.2804,-1.5572,-1.4016,-0.5528,-0.32183,-0.028144,-0.14086,-0.32681,-0.92321
5.1825,6.039,6.2218,6.2439,5.1254,5.3792,5.4685,5.8299,2.7682,4.9808,5.2642,5.4975,4.6369,5.7002,5.6233,5.3068,5.7175,6.3403,5.8215,4.539,5.4342,4.7657,3.6641,4.4592,4.0392,4.1704,4.4358,3.3012,4.3275,4.2957,4.3483,4.5697,4.162,4.6008,4.0992,3.2655,3.2205,3.3533,2.8039,2.585,2.7731,3.0606,2.7899,2.5116,2.4335,2.4678,2.1575,2.3651,2.5122,2.5046,2.2636,2.3213,2.3869,2.0707,2.4349,2.3944,1.95,2.3632,2.3828,2.3159,3.2362,3.3362,3.1052,2.842,2.5422,2.3374,2.5089,2.1827,2.2522,2.6663,3.0954,3.3169,3.1036,2.8651,2.427,0.23197,0.17137,-0.22618,-0.22618,-0.17361,-0.049475,-0.15675,-0.36368,0.65985,-0.0088016,-0.12624,-0.4748,0.23894,0.046541,-0.14065,-0.25894,0.12318,-0.030656,-0.9236,0.17984,0.040333,-0.78723,-0.15713,-0.40012,-0.78061,-0.15381,-0.35623,-0.2465,-0.33624,-0.20529,-0.064381,-0.28688,-0.0049408,-0.36141,-1.3112,-0.65841,-0.30389,-0.59233,-0.27398,-0.36358,-0.30658,-0.33555,-0.27846,-0.27852,-0.46143,-0.45966,-0.47799,-0.36515,-0.49128,-0.39518,-0.51006,-0.41439,-0.39474,-0.42169,-0.41249,-0.35083,-0.34282,-0.32055,-0.3476,-0.34514,-0.44276,-0.4104,-0.35278,-0.3199,-0.4636,-0.44913,-0.54725,-0.40042,-0.57738,-0.68308,-0.6861,-0.39333,-0.30755,-0.52919,-0.43155,-0.40878,-0.27548,-0.065009,-0.065009,-0.092347,-0.35028,-0.16164,0.15628,2.7116,0.12115,0.022183,-0.22075,0.20827,-0.2678,-0.14457,0.05925,-0.36924,-0.47941,-0.47141,0.48148,-1.2976,-0.0017903,1.4114,0.071803,0.55388,0.36177,-0.13512,1.7961,0.091808,-0.022672,0.17078,-0.151,0.84276,-0.015732,-1.0897,0.61248,0.11527,-0.54077,0.68162,1.1832,0.45167,-0.44758,0.54239,0.58881,0.82421,0.81891,1.1079,0.85873,0.64966,0.47196,0.80253,0.84709,0.63844,1.1286,0.38972,0.36257,1.3828,0.43695,0.40051,0.93695,-0.12992,0.45027,0.46914,0.33523,0.79349,1.0273,0.71707,1.5313,1.1631,0.36342,0.039153,0.19523,0.31224,0.13713,0.49979
5.2101,6.0726,5.9632,5.9852,4.9056,5.1545,5.2309,5.5444,4.7838,5.0326,5.149,4.9124,4.98,5.6128,5.4104,5.0775,5.656,6.0699,4.6622,4.9596,4.8257,3.9775,4.2126,4.095,3.5355,4.1975,4.012,3.9528,4.0371,4.0791,4.3693,4.2073,4.5785,4.2315,2.2431,2.9133,2.9743,2.4906,2.8708,2.8131,2.6923,2.5013,2.7826,2.5275,2.3841,2.4176,2.2334,2.4293,2.3458,2.3454,2.1548,2.3305,2.3114,2.2134,2.2172,2.2248,2.2986,2.2612,2.2355,2.4393,2.7285,3.1509,2.987,2.6897,2.4753,2.4019,2.3201,2.5479,2.2563,2.1649,2.4288,3.0211,2.9522,2.4044,2.2453,-0.11156,0.010221,-0.3721,-0.3721,-1.0574,-0.092975,-0.14025,-0.69519,0.65769,-0.17992,-0.24449,-0.71747,0.21979,-0.39695,-0.38054,-0.081722,-0.15881,-0.61213,-0.41172,-0.07126,-0.64906,-0.24523,0.13844,-0.094734,0.069027,-0.13287,-0.099478,0.19815,-0.068388,-0.081573,-0.10822,0.03621,-0.42095,-0.48212,-0.33452,-0.053913,-0.053803,-0.11464,-0.0047461,0.23077,0.0098396,-0.037126,0.031383,0.14198,0.24596,0.17389,0.35279,0.23665,0.16975,0.12687,0.22648,0.21457,0.16385,0.33976,0.149,0.14732,0.37495,0.14566,0.15853,0.18452,-0.27225,-0.25635,-0.13315,-0.074841,0.09463,0.17522,0.062352,0.24188,0.20904,-0.0033043,-0.1999,-0.27058,-0.18328,-0.086009,0.12781,-0.27828,-0.046811,-0.22683,-0.22683,-1.6753,0.26328,0.19465,-0.8193,-2.7159,-0.46339,-0.25868,-0.26459,-0.24655,-0.61918,-0.33521,0.29519,-0.19474,-0.68353,1.4952,-0.98367,-0.081151,1.0858,-0.82023,0.53896,1.1454,-0.31988,0.64863,-0.90677,0.4439,0.2701,-0.25846,0.79718,-1.6748,-0.22568,3.043,0.59651,0.3849,1.4961,-0.14315,0.0054544,0.18116,1.0444,0.077304,0.25219,0.59058,0.44821,0.55364,0.34488,0.67241,0.57214,0.67056,0.41083,0.47874,0.39426,0.73326,0.63373,0.052789,0.49549,0.61175,0.12237,0.47094,-0.14216,-0.029876,0.15489,0.32297,0.22138,0.50212,-0.24675,0.40977,0.99614,0.93324,0.050281,-0.063712,0.74923,0.61893
4.9594,6.0594,5.4776,5.4997,3.0105,5.1932,5.188,4.4395,4.0836,4.6209,4.7752,4.0626,5.0765,4.9063,4.8622,5.1433,5.3998,5.116,4.9981,4.3965,4.1361,4.2752,3.9409,4.2698,4.1773,3.9047,4.2369,3.6975,4.1907,4.1326,4.1319,4.6421,3.3201,3.6365,3.4301,3.1576,3.1129,3.124,2.7944,3.0465,2.7927,2.9864,2.8527,2.7956,2.9254,2.8156,2.863,2.8384,2.8517,2.7584,2.7165,2.7505,2.7146,2.7503,2.7329,2.689,2.6999,2.6546,2.6999,2.685,2.6917,2.8235,2.8389,2.6923,2.7315,2.6878,2.6336,2.6664,2.6703,2.6597,2.6956,2.7757,2.737,2.6931,2.6826,-0.11731,0.00076961,-0.67505,-0.67505,-0.18855,-0.35819,-0.40948,-1.09,-0.056401,-0.34701,-0.62408,-0.25762,-0.48357,-0.99356,-0.51872,-0.29597,-0.84247,-0.87678,-0.11368,-1.3013,-0.36225,-0.24082,-0.30946,-0.080244,-0.2034,-0.32182,-0.34806,-0.27685,-0.39515,-0.1879,-0.47291,-0.20171,-0.45088,-0.57192,0.22419,-0.070408,-0.14871,0.20833,-0.21402,-0.2466,-0.30183,-0.11675,-0.35501,-0.25376,-0.186,-0.20079,-0.15028,-0.21663,-0.11651,-0.20036,-0.10627,-0.16378,-0.15503,-0.17752,-0.19347,-0.14885,-0.24216,-0.20171,-0.21091,-0.26755,-0.4296,-0.65051,-0.52621,-0.34016,-0.27529,-0.23207,-0.19442,-0.37488,-0.22368,-0.17793,-0.46091,-0.39918,-0.46613,-0.26515,-0.15519,0.26678,0.027909,-0.37907,-0.37907,3.413,-0.79371,-0.73312,0.029591,1.2877,0.12923,-0.5005,1.1843,-1.1602,-0.57405,0.058862,-0.72368,-1.1726,0.15421,-0.89908,-1.4764,0.65477,-1.077,-0.075572,-0.50998,-1.6903,-0.058033,-1.1458,-0.043229,-1.0974,-0.48275,-0.47091,-1.273,1.6149,0.046076,-1.9256,-0.6295,-0.57472,-0.85019,-0.2754,-0.96019,-0.80451,-1.2037,-0.85008,-1.0437,-1.4545,-1.1976,-1.5598,-1.2514,-1.2449,-1.2266,-1.3361,-1.1675,-1.1165,-1.4288,-1.4182,-1.2261,-1.287,-1.1902,-1.3506,-1.0265,-0.78565,-0.64616,-0.75624,-0.68552,-1.0628,-1.036,-1.0157,-0.98676,-1.2752,-1.3454,-1.4553,-0.30748,-0.50199,-1.1075,-1.1849
4.9755,6.0742,4.6131,4.6351,4.5285,4.4382,4.4119,3.3643,4.671,4.3385,3.9009,4.3971,4.0128,3.6257,4.373,4.4855,3.9711,4.3164,4.4348,2.357,4.1012,3.4959,3.5937,3.9345,3.1287,3.5539,3.3159,3.3991,3.2469,3.7033,3.4235,3.8039,3.6767,3.0876,2.6915,2.7725,2.6768,2.9072,2.4427,2.3198,2.0887,2.2678,2.0726,2.02,2.0121,2.016,1.9329,1.996,2.1127,1.9447,1.9422,2.0029,2.0014,1.8583,1.8303,1.9271,1.8143,1.8577,1.8137,1.9042,1.8693,1.8499,1.9346,2.0094,1.9248,1.9378,1.9313,1.7982,1.809,1.8091,1.507,2.2228,2.0199,1.8742,1.9349,0.07503,-0.063282,-1.1384,-1.1384,1.0056,-0.80147,-0.76069,0.092598,0.0098391,-0.26088,-0.33303,-0.065459,-0.51961,-0.48607,-0.55489,-0.78842,-0.87897,-0.76078,-0.56639,-1.0452,-0.2017,-0.69143,-0.19596,-0.62047,-0.48963,-0.42475,-0.46309,-0.28431,-0.43798,-0.43177,-0.5908,-0.72432,-0.46609,-0.46405,-0.41504,-0.19117,-0.15039,-0.24887,-0.096585,-0.21796,-0.068867,-0.18333,-0.12908,-0.088266,-0.17032,-0.15186,-0.17345,-0.18297,-0.18371,-0.14619,-0.11713,-0.1617,-0.14003,-0.14152,-0.15053,-0.1446,-0.13591,-0.12779,-0.15761,-0.12716,-0.11678,-0.17575,-0.19897,-0.15371,-0.17388,-0.13834,-0.11387,-0.12626,-0.15064,-0.15462,-0.14907,-0.17352,-0.16034,-0.14823,-0.14623,0.11789,-0.15601,-0.54768,-0.54768,-1.0247,-0.092836,0.030691,2.3357,-1.1552,0.043038,1.0826,-0.79999,1.0881,1.589,-0.13121,-0.26123,1.0996,0.077794,-0.0063418,1.9886,-0.33367,0.17572,0.30257,-0.57047,1.1178,-0.14783,0.91574,0.028314,1.0117,-0.0049922,0.23512,0.22778,-1.6453,0.16967,0.64716,0.38797,0.57136,-0.064204,0.51028,1.0175,1.2704,1.0705,1.3019,1.3747,1.4858,1.2954,1.5134,1.3188,1.1105,1.3349,1.3144,1.1717,1.1465,1.5008,1.5041,1.2346,1.4995,1.3381,1.4572,1.3073,1.4113,1.5957,1.4107,1.0584,1.2656,1.2234,1.1768,1.484,1.4213,1.392,2.079,0.75879,1.1136,1.3413,1.2029
5.1095,5.9329,3.2008,3.2229,5.0218,3.5903,3.6666,4.6247,4.1032,4.0992,4.1092,3.9317,4.0373,3.9341,3.7525,3.5665,3.6419,3.5945,3.8653,2.3061,3.7327,2.8923,3.549,3.0288,3.198,3.0552,3.3107,3.1289,3.3147,3.269,2.9503,3.1934,2.3879,2.7084,2.6001,2.7753,2.8121,2.6263,2.6013,2.6106,2.655,2.6197,2.5945,2.6191,2.5848,2.5119,2.5161,2.4725,2.4843,2.466,2.4823,2.4271,2.4346,2.4672,2.4318,2.3998,2.4281,2.399,2.3847,2.4306,2.4582,2.472,2.4409,2.3849,2.3837,2.4112,2.4058,2.4139,2.369,2.3504,2.3974,2.4287,2.4164,2.3966,2.3901,-0.069533,-0.19702,-0.28852,-0.28852,0.019629,-0.40247,-0.38876,0.37654,-0.66848,-0.37041,-0.09529,-0.5352,-0.2132,-0.10595,-0.59996,-0.57074,-0.15707,-0.65206,-0.73465,0.41988,-0.48153,-0.16836,-0.10821,-0.24365,-0.042992,-0.45257,-0.22413,-0.13369,-0.018246,-0.43547,-0.13861,-0.33633,-0.49503,-0.16187,0.0072649,-0.070333,-0.11776,-0.11355,0.087344,0.17046,0.28792,0.20521,0.23443,0.25894,0.30218,0.25628,0.29336,0.2506,0.19696,0.28133,0.26312,0.24906,0.23212,0.3083,0.31376,0.25381,0.31048,0.28441,0.29877,0.25362,0.25786,0.27058,0.18727,0.19222,0.24886,0.21688,0.24984,0.29039,0.29713,0.30406,0.46595,0.085866,0.16274,0.26272,0.21812,-0.40701,-0.11146,2.2475,2.2475,-0.94736,0.89082,0.71317,-1.7678,-0.20141,-0.26211,-0.60713,-0.13949,-0.47526,-0.82882,0.041068,0.69659,0.34423,0.13964,-0.33017,0.94159,-0.226,0.87042,-0.12706,1.3241,-0.22453,0.092175,-0.4378,0.27292,-0.17227,-0.0024014,0.66927,0.54821,1.5875,0.43468,0.19744,-0.14629,-0.5061,0.33486,-0.14242,-0.24062,-0.55687,-0.29344,-0.57491,-0.68025,-0.54085,-0.47916,-0.57982,-0.45162,-0.34922,-0.4799,-0.55386,-0.35019,-0.40217,-0.60115,-0.57549,-0.43773,-0.60673,-0.51367,-0.54445,-0.54574,-0.66204,-0.70303,-0.63822,-0.36657,-0.42012,-0.513,-0.44932,-0.65069,-0.52578,-0.47463,-0.84895,-0.24001,-0.46743,-0.51942,-0.47415
4.8364,5.6801,4.036,4.0581,4.5678,3.6332,3.6344,4.1174,3.334,3.5977,3.7103,3.3267,3.5864,3.4138,3.173,3.344,3.6569,3.0122,2.9655,3.1968,3.1381,3.1592,3.3773,3.4472,3.0427,2.6487,2.8676,3.1317,3.2104,2.8324,3.1463,3.1312,2.6866,2.7639,2.7061,2.6318,2.4413,2.6801,2.6174,2.6608,2.6645,2.6782,2.5415,2.5379,2.6165,2.5286,2.5196,2.4972,2.5067,2.5074,2.4685,2.501,2.4656,2.4749,2.4578,2.4348,2.4352,2.4266,2.4112,2.4114,2.385,2.3911,2.3091,2.3939,2.4225,2.3715,2.431,2.379,2.4032,2.4172,2.4389,2.3945,2.3454,2.3996,2.3712,0.13532,-0.42088,0.26656,0.26656,-0.37577,0.070648,0.026097,-0.42719,-0.31331,-0.2829,-0.26174,-0.22263,-0.34673,-0.26046,-0.19078,-0.08699,-0.069955,-0.16561,-0.28108,0.38265,-0.37332,0.17053,-0.36683,-0.20509,0.014968,0.043947,-0.13855,-0.15654,-0.36615,-0.34166,-0.033764,-0.25677,0.18373,0.12465,0.054634,-0.033626,-0.013695,0.013353,0.032413,0.037745,-0.048178,-0.048403,-0.011948,-0.04958,-0.0011182,0.0050623,-0.013375,-0.00025888,0.0049858,-0.0044431,-0.02573,-0.0091907,0.0034494,-0.0085998,-0.014898,-0.0052321,-0.026166,-0.0096158,-0.011506,-0.024919,-0.022487,-0.030097,-0.04882,-0.020971,-0.023561,-0.04145,-0.020847,-0.035397,-0.012168,0.021921,-0.019675,-0.020807,-0.0022437,-0.01727,-0.0027296,0.81673,-0.33627,-1.1373,-1.1373,0.15657,0.055421,0.11655,0.16036,0.91177,0.43714,0.27423,0.76463,0.2082,0.51979,0.77729,0.27091,-0.16999,0.83327,1.2373,-1.016,0.44243,-0.19263,-0.39017,-1.247,0.34045,0.90087,0.60895,-0.31862,-0.52355,0.19002,-0.45958,-0.3891,-0.22995,0.13836,-0.1027,0.2197,0.71423,-0.081059,0.032554,-0.024819,-0.11532,-0.21377,0.082142,0.063199,-0.06574,-0.023273,-0.033653,-0.050097,-0.034723,-0.091638,-0.023826,-0.16632,-0.055173,-0.032648,-0.081814,-0.080346,-0.06657,-0.074392,-0.076104,-0.01135,0.10135,0.10167,0.16603,-0.059815,-0.12473,-0.0036473,-0.092058,-0.00087658,-0.092807,-0.08965,-0.1223,0.02667,0.13747,-0.040553,0.032446
5.3801,5.0911,3.7339,3.756,4.2703,3.7316,3.7188,3.7704,3.4766,3.5334,3.5857,3.4864,3.3438,3.4132,3.3709,3.3925,3.502,3.2633,3.3031,3.0714,2.986,3.2334,2.8154,2.6186,3.2279,3.1431,3.0336,2.8158,2.5824,2.5857,2.8828,2.6799,2.7554,2.9577,2.7093,2.708,2.7847,2.653,2.6661,2.6861,2.5587,2.5229,2.5706,2.5199,2.5825,2.522,2.4894,2.4719,2.4943,2.4571,2.4308,2.4087,2.4415,2.45,2.402,2.3893,2.3758,2.3798,2.3617,2.3808,2.4132,2.4118,2.3433,2.343,2.3366,2.3283,2.3641,2.3431,2.3447,2.3943,2.3581,2.387,2.4119,2.362,2.3847,-0.040944,-0.93406,-0.41248,-0.41248,-0.70539,-0.3711,-0.37182,-0.64202,-0.51453,-0.72557,-0.83375,-0.59533,-0.68542,-0.84122,-0.9399,-0.98201,-0.96603,-0.60538,-0.61632,-0.40368,-0.58827,-0.75201,-0.77511,-0.58887,-0.82108,-0.17801,-0.096854,-0.64439,-0.74726,-0.74573,-0.73268,-0.6668,-0.2632,-0.38285,-0.52205,-0.66197,-0.46199,-0.67527,-0.76596,-0.77967,-0.82427,-0.95379,-0.84518,-0.98517,-1.102,-0.85472,-0.95684,-0.90677,-0.94308,-0.77298,-0.86412,-0.98626,-0.86579,-0.97339,-0.9823,-1.0154,-1.0229,-0.99173,-0.8493,-0.92514,-0.78604,-0.84831,-0.96275,-0.93363,-0.93632,-1.012,-1.004,-1.0125,-1.1139,-0.90011,-0.86824,-0.5801,-0.78084,-0.97915,-0.94964,-1.1693,-0.69009,-0.22078,-0.22078,-0.81581,-0.93892,-0.9124,-0.59001,-1.3142,-1.3225,-1.4183,-1.51,-0.88559,-1.6813,-2.2755,-2.061,-1.6221,-1.7128,-1.9078,-0.55664,-0.87233,-1.6524,-0.4264,0.47944,-2.0125,-1.3448,-0.52556,-0.65708,-0.23866,-0.99818,-0.93825,-0.43096,-0.66391,-1.1534,-1.0507,-1.4764,-1.6108,-1.2962,-1.6293,-1.61,-1.4369,-1.597,-1.7486,-1.9344,-2.1361,-1.6963,-1.8533,-1.7629,-1.8614,-1.4454,-1.653,-1.7878,-1.6833,-1.8969,-1.853,-1.9399,-1.9268,-1.8898,-1.5995,-1.7891,-1.6285,-1.7381,-1.9939,-1.7655,-1.7008,-1.9375,-1.8743,-1.9534,-2.1108,-1.7544,-1.5748,-1.1453,-1.6947,-1.8832,-1.9263
4.7546,3.812,3.2111,3.2331,3.157,2.891,2.8908,2.8333,2.305,2.1466,2.0428,2.1361,2.2156,1.7313,1.2933,1.38,1.7249,1.8015,1.7329,2.3894,1.9616,1.6551,1.8271,2.2695,1.4006,2.2927,2.6739,1.8429,1.7158,1.3409,1.681,1.7976,2.1602,1.9982,1.662,1.3079,1.5173,1.3296,1.0855,1.1014,1.0159,0.77063,0.85112,0.56753,0.41247,0.81911,0.60592,0.6837,0.62048,0.96142,0.74023,0.52852,0.73403,0.52816,0.49322,0.404,0.38948,0.44311,0.71262,0.56113,0.81295,0.69447,0.3836,0.52661,0.54985,0.34751,0.42293,0.35387,0.17533,0.61695,0.70242,1.2343,0.7837,0.44129,0.4719,-1.0061,-0.58164,-0.34344,-0.34344,-0.60274,-0.69169,-0.68265,-0.55286,-0.34444,-0.451,-0.55734,-1.2261,-0.93072,-1.0049,-0.88342,-0.88132,-0.91119,-0.51638,-0.72065,-0.83381,-0.77551,-0.92031,-0.52732,-0.99049,-0.98628,-0.6706,-0.75653,-0.32229,-0.13743,-0.18916,-0.38623,-0.35407,-0.80868,-0.737,-0.65282,-0.94786,-0.96146,-0.68024,-0.70396,-0.8659,-0.8823,-0.72249,-0.65746,-0.79747,-0.60028,-0.9479,-0.8243,-0.88414,-0.85029,-1.4345,-1.0368,-0.93402,-1.0059,-1.0638,-1.0432,-1.0242,-0.99515,-1.0703,-0.91618,-0.88641,-0.68907,-0.88631,-0.86123,-0.92779,-0.88119,-0.9366,-1.0594,-1.1145,-1.1806,-0.95911,-1.0051,-0.96242,-0.98914,-1.0768,-1.0036,-0.76101,1.3949,0.35885,0.35885,1.0211,0.29773,0.29074,0.76833,1.6544,1.8716,1.9711,0.24854,0.39499,1.3539,2.3885,2.2623,1.7318,1.8908,1.6991,-0.30363,0.49784,1.3159,0.92199,-1.2827,1.6821,0.35963,-0.7938,1.3013,1.4583,2.1113,1.6311,1.0564,-0.42705,0.44505,0.78916,0.90462,0.61188,1.2863,1.7533,1.4376,1.3208,2.0596,2.124,2.3098,3.1395,1.5099,2.1184,1.8082,2.047,0.1223,1.3077,1.8923,1.4031,1.7162,1.7313,1.9222,1.9823,1.7327,1.4657,1.8665,1.8224,1.6621,2.1969,1.7772,1.8111,2.0883,1.7636,1.7496,1.9774,1.6364,1.301,0.38063,1.2781,1.6879,1.8183
3.368,3.9278,3.047,3.0691,3.0648,2.3482,2.3535,2.6646,2.7877,2.6314,2.471,1.0342,1.4824,1.4034,1.6041,1.6299,1.6796,2.2305,1.8618,1.4038,1.435,1.3928,1.7607,0.63767,1.2554,1.8019,1.5205,2.1712,2.3076,2.2074,2.1103,1.9718,1.138,1.4837,1.4037,0.81233,0.86181,1.2925,1.2582,0.9543,0.79406,1.0779,1.2557,0.92495,1.382,0.62617,0.8408,0.70366,0.79371,-0.41197,0.35731,0.54065,0.42971,0.32248,0.31571,0.34089,0.38546,0.23919,0.5293,0.60799,1.0351,0.63921,0.62085,0.48741,0.57419,0.45506,0.24533,0.11418,-0.01655,0.47606,0.34777,0.46221,0.43359,0.20842,0.37739,-0.60416,0.0039922,-0.070381,-0.070381,-0.20422,-0.71015,-0.81254,-0.48869,0.11862,0.0367,-0.16303,-0.17625,-0.10151,0.035692,0.30742,0.32599,0.13667,-0.25645,-0.28251,-0.60969,-0.72848,-0.29008,-0.17198,-0.10998,0.47523,-0.11994,-0.49624,-0.42628,-0.29435,-0.3229,0.17216,-0.016506,-0.25013,-0.45818,-0.36866,-0.069275,0.021965,-0.025237,-0.40512,-0.13201,-0.29621,-0.29471,0.083582,0.245,0.41943,0.033015,-0.026484,-0.083553,0.0021003,-0.21528,-0.35053,-0.17302,-0.19949,-0.18421,-0.19156,-0.10989,-0.044917,-0.16055,-0.27469,-0.028027,-0.23244,0.011455,0.094232,0.001773,-0.066088,-0.010456,0.03306,-0.06634,0.045719,-0.24499,-0.096154,-0.55083,-0.4864,-0.26164,-0.14646,1.5649,-0.22367,0.18727,0.18727,-0.22408,-0.33465,-0.5505,-0.63998,-0.72826,-0.89618,-1.1825,1.8511,1.2634,0.72733,-0.0067889,0.15226,0.36389,-1.3709,-0.82283,0.75187,-0.40377,-0.055406,-0.21131,3.0437,1.2409,0.74168,1.3144,-1.5093,-1.7722,-2.3788,-0.51436,-0.3813,1.5441,0.1126,-0.22084,0.85255,1.355,0.023759,-1.1556,0.030227,-0.14865,-1.204,-0.64194,-0.22485,-1.1001,0.45191,-0.52273,-0.20703,-0.34225,2.3162,0.064763,-0.37028,0.20966,0.042951,-0.028107,-0.09354,-0.081796,0.086751,-0.18275,-0.14979,-0.90914,0.13343,-0.28603,0.081943,-0.18087,-0.23601,0.42133,0.34669,0.4752,-0.20818,0.51698,0.44256,-0.27258,-0.057546,-0.1039
3.5462,3.82,3.0703,3.0924,2.7485,1.4707,1.2657,1.856,2.5422,2.22,1.7167,1.7836,2.0126,1.8027,1.9081,2.032,1.9982,1.2886,1.1679,1.17,0.50464,1.075,1.4831,2.0495,2.351,2.0528,1.6814,0.99034,1.1271,0.6951,2.0253,1.7646,1.66,1.0818,0.92463,1.1693,1.5613,1.2791,0.27523,0.8374,0.42353,0.18122,1.0183,1.0575,1.2513,0.88514,0.55295,0.51659,0.62468,0.53086,0.039161,0.18249,0.33505,0.15974,0.11009,0.18423,0.29965,0.12202,0.16323,0.50507,0.34806,0.71738,0.57207,0.53016,0.41767,0.32659,0.48905,0.22119,0.26677,0.12698,0.51011,0.13267,-0.1891,-0.08199,0.17898,-1.684,-1.9639,-1.5235,-1.5346,-1.5324,-1.1741,-1.1767,-1.3323,-1.3939,-1.3157,-1.2355,-0.51712,-0.74119,-0.70168,-0.80203,-0.81493,-0.8398,-1.1153,-0.9309,-0.70188,-0.7175,-0.69639,-0.88037,-0.31883,-0.62768,-0.90095,-0.76025,-1.0856,-1.1538,-1.1037,-1.0551,-0.98588,-0.56901,-0.74186,-0.70186,-0.40617,-0.4309,-0.64624,-0.62908,-0.47715,-0.39703,-0.53897,-0.62784,-0.46248,-0.69098,-0.31308,-0.4204,-0.35183,-0.39685,0.20598,-0.17866,-0.27032,-0.21485,-0.16124,-0.15785,-0.17044,-0.19273,-0.11959,-0.26465,-0.304,-0.51754,-0.31961,-0.31043,-0.24371,-0.2871,-0.22753,-0.12266,-0.057091,0.0082751,-0.23803,-0.17389,-0.23111,-0.21679,-0.10421,-0.1887,-3.7245,-3.7121,-3.0935,-3.1156,-2.4323,-0.59322,-0.17789,-1.0473,-2.2967,-1.8086,-0.96248,-2.5329,-2.5428,-2.2021,-2.2121,-2.4341,-2.3168,-0.3467,-0.47396,-0.93626,0.42573,-0.75721,-1.2055,-3.4614,-3.4467,-2.3037,-1.8424,0.19056,0.053287,0.81719,-1.9403,-1.5575,-2.1819,-0.67996,-0.44555,-1.5263,-2.2607,-1.2658,0.7077,-0.72051,-0.052993,0.71549,-0.78089,-1.1901,-1.1207,-1.1441,-0.2651,-0.32952,-0.45566,-1.4737,0.27899,0.17566,-0.24039,0.0029948,0.095523,-0.027573,-0.21383,-0.0048424,0.20284,-0.40215,0.33894,-0.79555,-0.52329,-0.5729,-0.26115,-0.19813,-0.73278,-0.32819,-0.55009,0.2221,-0.67244,0.19688,0.8118,0.3724,0.019432
