1.9382,2.8777,2.7374,2.7595,2.3738,2.0581,2.1142,2.4332,2.3371,2.0289,1.5471,1.1259,2.1379,2.1586,1.8591,1.7781,2.2107,1.9372,0.72225,0.22357,1.1325,0.55071,1.0451,1.8101,2.0771,1.6816,1.4421,1.795,1.6335,1.1695,1.0537,1.3027,0.69163,0.79089,1.201,1.5087,1.0162,1.5428,1.894,1.5172,1.1576,1.0724,0.63768,0.55049,0.55457,0.96503,0.93185,0.30795,0.9502,0.77565,1.1153,1.5991,1.5232,0.7906,1.3671,1.7152,1.5016,1.5199,1.3755,1.164,1.0599,1.088,0.83324,1.1056,1.0777,1.2174,1.6023,1.5346,0.86513,1.0838,1.109,1.3418,1.2075,1.1941,0.26227,1.6755,1.7229,1.3848,1.3958,1.324,1.2422,1.2404,1.1561,1.0079,0.83666,0.5017,-0.21609,0.69123,0.84108,0.9017,0.8862,0.85031,1.0264,0.67757,0.71446,0.69368,0.95218,0.98681,1.1005,0.76089,0.75079,0.85579,0.63912,0.64146,0.90599,0.74199,0.71801,0.66633,0.54782,0.70889,1.0082,0.95256,0.83328,0.84906,0.86548,0.81203,0.70596,0.49279,0.67047,0.77074,0.69873,0.75535,0.60217,0.45191,0.47755,0.58308,1.0503,1.1887,0.73609,0.83087,0.72641,0.61784,0.88026,0.91054,0.80902,0.65357,0.62969,0.45977,0.3648,0.44152,0.65995,0.86544,0.86265,0.70163,0.83682,0.79217,0.87469,0.7911,0.64532,0.6038,-0.52547,-2.3097,-2.7053,-2.7274,-2.0996,-1.6317,-1.7476,-2.5541,-2.6584,-2.3844,-2.0909,-2.6839,-2.8933,-2.6351,-1.9148,-1.7838,-2.7208,-1.8217,-0.089361,0.98178,-0.87758,0.80294,-0.11655,-1.4191,-2.6323,-1.8617,-1.1727,-2.3118,-1.984,-0.527,-0.62349,-1.1694,-0.050601,-0.48615,-0.9843,-1.0009,-0.12737,-1.4191,-2.0898,-1.3034,-0.69116,-0.73289,-0.28977,0.23997,0.43235,-0.5326,-0.35299,0.58845,-0.99658,-0.5962,-1.0644,-1.0976,-0.66908,-0.10901,-1.0725,-1.9775,-1.7676,-1.2793,-0.93001,-0.70995,-0.8127,-0.91665,-0.74694,-1.4816,-1.2724,-1.1148,-1.4737,-1.344,-0.327,-0.49399,-0.6336,-0.93425,-0.83279,-1.0977,0.68306
3.351,3.4457,2.7695,2.7916,2.648,2.4844,2.4807,2.3123,2.0158,1.6733,1.0034,-0.43218,1.3825,1.6822,1.8034,1.7724,1.7006,2.0527,1.3551,1.4289,1.3874,1.9044,1.9736,2.201,1.5218,1.5016,1.7116,1.2782,1.2829,1.812,1.484,1.436,1.3327,1.0956,1.4178,2.0165,1.9051,1.6666,1.6981,1.731,1.6241,1.4119,0.98559,1.3409,1.5415,1.3975,1.5107,1.2043,0.90383,0.9551,1.1662,2.1006,2.3774,1.4722,1.6617,1.4528,1.2357,1.7605,1.8211,1.618,1.3071,1.2594,0.91954,0.72959,0.88305,1.3199,1.7309,1.7253,1.4033,1.6736,1.5843,1.7494,1.5822,1.2906,1.2076,0.37699,-0.20961,0.32774,0.32774,0.52924,0.029157,-0.23288,-0.76156,0.11361,0.10534,0.17979,0.69231,0.28277,0.11322,0.065215,-0.21357,-0.29356,-0.039952,0.044477,0.75585,0.44131,0.42493,0.26765,-0.11325,-0.22084,0.06451,0.36721,-0.087797,-0.14354,0.13156,-0.13232,-0.015886,0.58376,0.54691,0.40058,-0.38909,0.38175,0.027585,0.011975,0.1421,0.32993,0.4985,0.6044,0.376,0.54549,0.50127,0.40219,0.4473,0.14698,0.40227,0.17015,0.040109,0.15134,0.42712,0.14117,0.052755,0.18836,0.15549,0.3498,0.18977,0.39334,0.35292,0.51395,0.4583,0.24465,0.1519,0.218,0.1364,0.3015,0.15942,0.19505,-0.0058484,-0.13617,-0.16438,0.40584,-2.0715,-1.5553,0.59126,0.59126,0.51008,-0.79432,-1.1989,-1.2813,0.86976,0.9218,1.447,4.5007,2.0764,1.1794,0.24186,-0.4157,0.43303,-0.31097,-1.1768,-0.89901,0.37283,-1.8574,-1.3218,-1.0084,0.66888,0.4891,0.19554,0.85793,0.41402,-1.0219,-1.1251,-0.29842,-0.11454,0.48433,0.36768,-1.7938,-1.0143,-0.19227,0.41567,-0.14332,-0.27304,0.31797,0.51298,-0.82893,-0.88286,0.13769,-0.35333,-0.89819,0.38671,0.44563,0.23859,-0.9228,-1.4057,-0.50893,-0.30689,0.63017,0.90866,-0.17022,-0.19147,-0.52855,0.29223,0.36311,0.85531,1.6686,0.87863,0.09874,0.17881,-0.10853,-0.47325,-0.86082,-0.56064,-0.82683,-1.0217,-0.52174,-1.079
2.6922,2.4585,3.3929,3.415,3.4322,2.1164,1.6484,0.91003,2.5643,2.2396,1.9067,2.5105,2.7034,2.3851,1.9895,1.351,1.6236,1.8573,0.81121,1.7353,2.0151,1.4006,1.5804,1.5836,1.6354,1.8106,2.1766,1.6194,1.3464,1.4326,0.78909,1.2709,1.8592,1.8847,2.0022,0.73053,1.7798,1.598,1.9179,1.8014,1.8175,2.0694,1.8465,1.3025,1.6455,1.9676,1.7362,1.2025,1.2442,1.5802,1.4556,1.6793,1.8259,1.6448,1.6495,1.8207,1.8784,1.8309,2.0751,1.5435,1.8466,1.7939,1.8612,2.0222,1.567,1.5212,2.0383,1.8074,1.4681,1.4026,1.4991,1.3301,0.93516,0.86539,1.074,-0.8516,-0.32451,0.18012,0.18012,-0.15169,-0.58726,-0.58078,-0.20289,0.18932,0.15825,-0.32852,0.84484,0.59294,0.25169,-0.016318,-0.30841,-0.30186,-0.34873,0.052051,-0.033635,-0.073897,-0.094861,-0.31314,-0.36492,-0.19601,-0.12147,-0.18419,0.20603,-0.04079,-0.25156,-0.23866,-0.22897,-0.068709,0.31199,0.10137,-0.27145,-0.30457,0.061042,-0.066268,-0.38747,-0.012526,0.28897,0.27811,0.27188,0.26399,0.21157,0.19343,0.022756,0.02447,0.040358,0.25476,-0.17295,-0.18301,0.061524,-0.17651,0.41832,0.50603,0.28848,0.051627,0.30951,0.46357,0.3071,0.50485,0.51498,0.26544,0.010229,-0.17791,0.016983,0.09043,-0.05785,0.047462,0.10871,-0.031989,0.0489,0.26061,-0.38565,1.3255,-0.8865,-0.8865,-1.8719,-0.43852,0.50306,2.3987,-0.71834,-0.81596,-2.4637,-4.1956,-1.456,-0.90241,-0.40493,0.22603,-0.44962,-0.30659,1.192,-0.67996,-1.4032,0.81785,0.1602,0.50506,-0.61921,-0.86105,-1.2983,-0.27028,-0.20852,0.25563,0.91246,-0.12775,-1.1904,-0.95416,-0.9661,2.029,-0.35838,0.25918,-0.57216,-0.91581,-0.41187,-0.73702,-1.1656,0.6207,0.31987,-0.7171,-0.064178,0.049114,-0.63173,-1.1694,-0.069369,0.49668,0.73696,-0.22226,-0.32846,0.10095,-0.27333,0.4362,-0.40486,0.76802,-0.15175,-0.45476,-0.8735,-1.5553,-0.83705,-0.38208,-0.97063,-0.1303,0.051106,0.42629,0.26546,1.0559,1.2301,0.9483,0.78852
1.6478,2.7967,3.1297,3.1518,2.3446,1.3099,1.3192,1.9065,2.3945,1.9898,0.34635,1.2575,2.5683,2.1856,1.7708,1.1556,1.0969,1.3553,1.4592,1.3617,1.2396,1.7146,1.3474,1.4712,1.1298,1.2587,1.3432,1.6903,1.2013,1.3089,1.0067,0.97807,1.1952,1.7196,1.6205,1.4736,1.296,1.7886,1.5656,0.95602,1.599,1.9899,1.5418,1.8847,2.0695,1.8206,1.8976,1.2499,0.95277,1.0358,1.6757,1.7547,2.0114,1.5952,1.3087,2.2895,2.2477,2.3375,1.9243,2.2371,2.2343,1.8736,1.9293,1.7596,1.4139,1.3404,1.3751,1.7593,1.5841,1.5579,1.6793,1.9668,1.5182,1.3884,1.7288,-0.45888,0.18545,-0.40497,-0.40497,-1.1568,-0.76834,-0.30074,0.49882,-0.21764,-0.2496,-0.66033,-0.89444,-0.3443,-0.18117,-0.082442,0.18165,0.25024,0.30514,0.85205,0.14608,-0.46277,0.24885,0.21702,0.3258,0.079375,0.13615,-0.33554,-0.33415,0.20572,0.31343,0.6963,0.45896,0.13771,0.059457,0.12733,0.73897,0.10647,0.22892,0.0010113,0.030584,0.20757,0.07176,0.034946,0.25718,0.084494,0.17715,0.31441,0.27953,0.33949,0.18138,0.1274,0.32326,0.33377,0.32267,0.030427,-0.048665,0.24492,0.25121,0.13297,0.22018,0.14124,-0.0627,0.15379,-0.029067,0.26966,0.20764,-0.21127,0.16002,0.39799,0.21037,0.19977,0.44076,0.60772,0.36613,0.34638,1.1711,-0.30556,-0.28367,-0.28367,-0.13833,0.076371,0.057026,-0.99526,-0.095585,0.00025839,1.8001,0.7171,-0.41843,0.036677,0.27268,0.75408,1.5538,1.6143,0.40802,1.0394,0.62549,-0.13043,0.90012,0.87639,1.17,1.3763,0.99562,-0.81008,0.70154,0.87435,0.95746,1.5036,1.6032,0.44909,1.018,-0.0081915,1.1804,0.07657,0.70672,1.7519,0.85206,0.30259,0.67922,-0.65011,-0.67886,0.64825,0.30613,0.46443,1.2618,1.4515,-0.18535,0.49576,0.2966,0.74455,0.74234,-1.0349,-0.24889,-0.51075,0.56756,-0.94669,-0.49291,-0.28485,0.17137,0.46716,0.84549,0.7769,0.90392,0.41638,0.56401,0.11015,0.039158,-0.39184,0.049336,-0.31384,-0.61697
1.7745,2.8294,2.5829,2.605,1.1186,0.5797,1.047,1.9077,2.129,1.7404,0.58605,0.7216,2.0148,2.0227,1.8247,1.7143,2.1241,2.4676,2.5153,2.0274,1.0895,1.8983,2.0144,2.2352,1.7941,2.0829,1.5055,0.95111,1.7578,2.0595,2.1817,2.1888,2.1346,2.0036,2.2569,2.2085,1.9927,2.0558,1.92,1.8626,2.2326,2.2129,1.9164,1.8168,1.8145,2.3219,2.365,1.7616,1.9231,1.9429,1.7104,2.3259,2.4935,2.2902,1.7103,1.7233,2.3682,2.3333,2.3411,1.9839,2.1291,1.6685,2.1687,1.9641,2.1063,1.9365,1.6157,2.1275,2.2641,1.8234,1.8986,2.2116,2.1506,1.5976,1.7667,-0.31097,-0.3693,-0.22084,-0.22084,0.017606,-0.12675,-0.11941,0.013891,-0.29378,-0.08958,0.74563,0.26782,-0.41972,-0.24918,-0.083991,0.30175,0.51321,0.50221,0.17639,0.036649,0.30189,0.016582,0.66218,0.38335,0.54402,0.40286,-0.1059,-0.093902,0.44551,0.33691,0.42992,0.3302,0.28155,0.28175,0.41842,0.43802,0.22367,0.023595,0.22017,0.58425,0.2924,0.1216,0.364,0.15976,0.26467,0.10967,-0.1958,0.34638,0.70525,0.3708,0.040383,0.24167,0.11854,0.49504,0.72197,-0.07926,0.13364,0.04214,0.18499,0.0006137,-0.12185,0.25824,0.184,0.221,0.22437,0.35104,0.28139,0.18614,0.15322,0.26495,0.17704,-0.02622,0.21989,0.23801,-0.062641,-0.87527,-0.80394,0.65193,0.65193,2.4872,1.2068,0.30562,0.025406,-0.0567,0.31977,1.0119,1.6074,0.26758,-0.17269,-0.27578,-0.51389,-1.0279,-1.2202,-1.7593,-1.2582,0.90384,-0.33411,-0.0097953,-0.76129,-0.24068,-0.84287,-0.53633,1.2906,-0.22197,-0.82739,-1.4902,-1.7611,-1.3156,-0.0045068,-0.43587,-0.59371,-0.94603,-0.48722,-0.2684,-0.64459,-0.6824,-0.20291,-0.021102,0.45528,1.0392,-0.78321,-1.3265,-0.33073,-0.53027,-1.0726,0.011317,-0.65895,-0.72706,-0.39981,0.64076,0.97372,0.026325,0.092609,-0.46351,0.50757,-0.033265,0.92673,-0.11095,0.032984,-0.93607,-0.49011,0.081411,-0.36414,-1.0536,-0.00099187,-0.084608,-0.54211,-0.82501,0.057615,-0.20107
1.0259,2.0581,2.6881,2.7101,2.3798,1.0564,1.0803,1.9343,1.8069,1.8107,1.8376,1.7931,1.7289,1.6872,1.6028,1.7591,2.1233,2.3597,1.812,1.435,1.8433,1.7478,2.6717,2.2379,2.2178,2.0644,1.1314,1.5025,2.0923,1.9827,1.8665,1.6385,1.7583,2.2831,2.4574,2.3496,1.7433,1.8358,2.0059,2.1245,2.1838,2.2331,2.2698,2.2042,2.5988,2.0399,1.506,1.9426,2.3633,1.7774,1.7564,2.238,2.2485,2.5853,2.7527,2.1309,2.515,2.4218,2.2943,2.2383,1.9906,2.3901,2.2973,2.2016,1.8627,2.0424,1.9378,2.1316,1.8906,2.0878,2.0334,1.9144,1.958,1.8645,1.6035,0.25657,-0.010156,0.10756,0.10756,0.35773,0.089808,0.090187,0.11591,0.022486,0.10521,0.57011,0.47564,0.042535,-0.026527,-0.033795,-0.14485,-0.42337,-0.80051,-0.85695,-0.42462,0.44868,-0.045479,0.24007,0.035154,0.31826,-0.32379,0.16891,0.34468,-0.16207,-0.18909,-0.097965,-0.055604,-0.091208,-0.11714,0.0025565,0.064405,0.27911,0.2222,0.3441,0.33084,-0.088886,0.15674,0.37856,0.45431,0.44299,0.0021928,-0.095549,0.24215,0.30387,0.023477,0.049175,-0.085285,-0.060509,0.025687,0.25975,0.1949,-0.00021619,0.051813,0.3658,0.42518,0.46059,0.47003,0.23574,0.20413,-0.21805,-0.030092,0.18539,-0.029465,-0.23272,0.31504,0.34109,-0.083777,0.10009,0.43918,0.071388,2.0104,1.5222,0.0048876,0.0048876,-1.8069,-0.77368,0.11358,0.17864,0.68924,0.069807,-1.3629,-1.1918,0.65694,0.618,0.37617,-0.37932,-0.84526,-1.3852,-0.30731,0.3357,-0.61026,0.20999,-0.83442,0.064892,-0.21084,-0.61043,1.0859,-0.41342,-0.99319,-0.2246,0.43446,0.98951,0.57005,-0.79327,-0.39585,-0.15352,1.0569,0.88442,0.51627,0.13777,-0.080181,0.27319,0.050218,0.13383,-0.68256,0.56825,1.5271,0.12229,-0.27249,0.37801,0.0062674,0.0050442,0.36897,-0.5389,-1.5652,-0.4254,-0.29403,-0.073263,0.82514,0.34156,1.1981,-0.50315,0.21442,-0.066725,0.05124,-0.27215,-0.27341,-0.067069,0.28166,0.10118,0.41271,0.427,0.58543,0.34473,0.46913
2.2876,2.8091,2.7981,2.8201,1.8341,0.75932,1.2273,2.1395,2.174,1.9508,1.7263,1.6729,2.0999,1.9697,1.7571,1.4246,1.2773,0.86657,0.80142,1.1782,1.9869,1.8073,2.4946,2.3055,2.4307,1.4354,1.8433,1.6405,1.4337,1.6813,1.9858,2.0776,1.9521,1.7693,2.262,2.3373,2.5509,2.5002,2.6082,2.5242,2.0548,2.5264,2.6735,2.7255,2.7005,2.3263,2.1739,2.2459,2.5309,1.9899,1.8087,2.1553,2.3724,2.3416,2.2298,2.1131,2.3678,2.4369,3.0727,2.8342,3.0503,2.6085,2.6402,2.3723,1.6702,1.8763,1.9865,2.0686,1.7987,2.4535,2.5808,2.0441,2.3508,2.476,1.9095,0.25087,0.30971,0.14292,0.14292,0.082874,0.30646,0.29466,0.08221,0.0036732,-0.10681,-0.16321,0.10232,0.17677,-0.13652,-0.091308,-0.037615,-0.11085,-0.032889,0.10019,-0.47363,0.18232,0.052059,-0.31195,-0.15469,-0.31332,0.035382,0.53662,0.065923,-0.37646,-0.19238,0.23814,0.34233,0.5255,0.16039,0.086166,0.22282,0.46084,0.37248,0.28399,0.068804,-0.45027,0.17154,0.24826,0.19095,-0.08887,0.25482,0.45325,0.032469,-0.45331,0.22794,0.22629,0.28648,0.44201,0.13671,-0.19494,0.10664,0.012289,-0.12643,0.061283,0.30759,0.3186,0.18992,0.14121,-0.033543,0.19535,0.2501,0.3413,0.027975,0.072794,0.15915,0.20809,0.22385,0.27059,0.3633,0.22731,-2.0218,-0.8825,0.065829,0.065829,1.2572,1.207,0.29535,-0.24605,-0.72686,-0.49385,-0.10372,0.44513,-0.38846,-0.83798,-0.49119,0.59379,1.4703,2.9205,2.2216,-0.43373,0.077535,-0.01491,-0.26963,-0.44459,-1.0523,1.3288,-0.35053,-0.14408,0.56442,0.21802,0.23776,-0.19365,0.66336,1.3483,0.56307,0.47034,-0.69344,-0.58385,-0.63649,-0.66184,-0.64259,-0.2436,-0.31082,-0.66055,-0.38117,-0.063006,-0.42945,-0.54167,-1.2419,0.030919,0.34796,0.73849,0.63607,0.76096,0.65583,0.24888,0.31904,-0.28322,-1.4342,-0.57674,-1.4821,-0.057072,-0.40348,-0.40863,0.77556,0.83254,0.58523,0.18195,0.32937,-0.41297,-0.67871,0.18826,-0.24443,-0.49649,-0.15728
1.5276,2.6775,2.9739,2.996,2.5455,1.6693,1.6697,2.0987,1.8143,1.5971,1.5112,1.9978,2.0824,1.4142,1.4202,1.6839,1.9016,2.2939,2.0124,0.48769,2.208,1.8519,2.0478,1.9285,1.5912,2.1351,2.2046,1.6343,1.3394,1.5979,2.3428,2.3231,2.8093,2.6039,2.6297,2.7953,2.665,2.5808,2.5739,2.2621,1.2833,2.5761,2.7663,2.5861,2.4211,2.5496,2.4125,2.0075,1.4566,2.2333,2.209,2.811,3.1325,2.8587,2.3628,2.3442,2.5396,2.1689,2.4169,2.8535,2.6278,2.7699,2.5797,2.1345,2.2534,2.5426,2.6204,2.1875,2.0361,2.4061,2.4495,2.3621,2.4992,2.5911,2.0582,0.021447,-0.19715,0.044878,0.044878,0.22958,0.30613,0.0094958,-0.60428,-0.39681,-0.013831,0.303,0.64659,0.31777,0.1681,0.20459,0.44788,0.59736,0.773,0.56586,0.46381,0.18638,-0.081073,-0.37043,-0.089556,-0.24876,0.4814,0.34817,0.40683,0.44146,0.1678,0.26524,0.058619,0.24431,0.40668,0.24449,0.22184,-0.21681,0.077728,0.18477,0.21795,0.046755,-0.094479,0.15615,0.10226,-0.2839,0.076903,-0.065514,-0.055157,-0.096692,0.30373,0.36868,0.1847,0.16355,0.047833,0.21187,0.53327,0.48291,0.33831,-0.29834,-0.015803,-0.32441,-0.097713,-0.14708,-0.32058,0.29843,0.4464,0.21898,0.20928,0.31446,-0.058047,-0.072107,0.019706,0.13096,-0.047058,0.16974,1.5629,-0.13122,-0.26192,-0.26192,-0.96379,-1.2076,-0.86568,-1.1269,-0.074103,0.6798,1.0361,0.6434,0.67045,1.4472,1.083,0.3772,-0.053859,-1.3087,-1.2902,2.3086,-0.06941,-0.25135,0.15268,0.57486,1.1815,-0.43672,-0.026367,0.8259,1.0714,0.50236,-0.18356,-0.37377,-1.2257,-0.85576,-0.24643,-0.47228,-0.66187,-0.0056603,0.43805,0.96014,1.6366,-0.28844,0.12661,0.48316,-0.0088859,-0.29282,-0.60808,0.36641,1.9551,0.12066,-0.063178,-0.94204,-1.193,-0.93872,0.15779,0.60438,0.6222,1.2127,0.71493,-0.070046,0.19611,-0.51819,-0.17309,-0.16544,-0.5694,-0.43993,-0.82988,0.18066,0.15396,-0.021419,0.11831,-0.59656,-0.03484,-0.32423,0.042146
2.3305,2.4148,2.8878,2.9099,2.2932,1.3716,1.2463,0.93093,1.3804,1.9231,2.3323,2.9661,2.7354,2.3059,2.1662,2.3203,2.4721,2.4126,1.9331,2.1058,2.3597,1.6452,1.7537,2.1264,1.9331,2.3982,2.5396,2.4541,2.3166,2.0169,2.5162,2.1949,2.4408,2.5827,2.751,2.781,2.1173,2.6557,2.9777,2.9601,2.1484,2.3374,2.9858,2.93,2.1327,2.4801,2.0429,2.1356,2.3375,2.5973,2.5461,2.5247,2.6995,2.4372,2.6536,3.1797,3.3336,3.1136,2.476,2.8026,2.4014,2.4131,2.346,1.7312,2.2671,2.7691,2.4245,2.4871,2.4276,2.3374,2.4366,2.0835,2.6127,2.3819,2.249,0.97033,0.73185,0.45629,0.45629,0.58853,0.89963,0.91767,0.80857,0.86787,1.0274,1.1266,0.97547,1.0061,1.319,1.3035,1.1718,1.0857,0.8783,1.0433,1.8364,0.98364,1.1599,1.0179,1.0411,1.2935,0.97103,0.95368,1.2656,1.3035,1.1542,0.74116,0.72832,0.39441,0.57995,0.64029,0.47951,0.64867,0.68809,0.51349,0.35651,1.0773,0.64768,0.61149,0.54131,0.57734,0.52965,0.41802,0.64153,0.80647,0.17986,0.14905,0.11423,0.06053,0.30897,0.58845,0.48989,0.34853,0.64231,0.49041,0.17426,0.23532,0.15773,0.14897,0.23847,0.055957,0.10503,0.2413,0.3238,0.58545,0.25559,0.035922,0.39152,0.22028,-0.052844,0.38649,0.33486,1.9892,1.0847,1.0847,1.6817,2.3947,2.682,3.9526,2.6035,1.4026,0.61107,0.014354,0.70621,0.85462,1.1148,1.0706,1.0306,1.5193,2.2451,0.43663,1.6639,2.7332,2.624,1.6865,1.903,1.416,1.2374,0.89169,0.65263,1.4705,1.1354,1.7132,1.5259,1.2023,1.038,0.98762,2.3928,1.2264,0.2194,-0.68304,0.42451,1.7727,0.78405,0.39495,1.7314,1.1983,1.5752,1.027,-0.14878,-0.36839,-0.37609,0.80109,0.98697,1.461,0.59537,-0.69114,-0.89097,-0.60469,0.86257,0.45018,0.92334,1.0291,0.76519,1.2835,0.084449,-0.24281,0.87452,0.048382,0.38802,0.64868,0.097747,1.3402,0.21348,0.31266,0.39134
3.4683,4.1412,3.8865,3.9086,3.7226,3.4685,3.505,3.7158,3.55,3.6518,3.7644,3.9487,4.0947,4.0522,4.0271,4.0274,4.0731,4.0505,4.099,4.1605,4.1753,4.1716,4.0836,4.0107,4.1781,4.0772,4.112,4.1656,3.9464,3.9064,3.8251,3.7798,3.5981,3.7638,3.9103,3.7543,3.9624,3.957,3.6009,2.9751,3.4379,3.8715,3.9893,3.6688,3.5757,3.6089,3.2485,3.2906,3.0696,2.593,2.5071,3.0395,3.2535,3.4767,3.5397,3.324,3.2366,3.4535,3.3977,3.202,3.0984,3.0854,2.8776,2.6114,2.3653,2.7527,3.103,2.8351,3.207,2.9173,2.5214,3.1451,2.9397,2.4854,2.8311,0.97309,1.2745,0.78852,0.78852,1.5084,1.8649,1.9762,2.3505,2.2133,1.9567,1.7834,1.5212,1.5332,1.72,1.7437,1.6175,1.5211,1.3749,1.6911,1.415,1.2265,1.5459,1.1781,1.068,0.88792,0.8353,0.7828,0.71271,0.82928,0.97438,0.80783,0.81959,0.60898,0.49854,0.47322,0.62321,0.9644,0.73556,0.49726,0.48178,0.8074,0.73857,0.28313,0.30775,0.79114,0.63752,0.9012,0.85947,0.68963,0.41806,0.5,0.53267,0.27081,0.49113,0.39053,0.057658,-0.0046715,0.24477,0.47021,0.40276,0.51176,0.47562,0.50853,0.72304,0.55252,0.44076,0.63602,0.42146,0.37475,0.44574,0.49625,0.67577,0.32006,0.35331,0.46828,-0.32933,-0.90394,-0.42027,-0.42027,0.15809,-0.46408,-0.56502,-0.86883,0.087416,0.45607,0.70254,1.0771,0.34788,-0.052596,-0.23423,-0.17908,-0.15978,-0.526,-0.94944,-1.2795,-1.1782,-1.9612,-2.3037,-1.6328,-2.7142,-1.6874,-1.5792,-1.9975,-1.601,-1.8302,-1.0021,-1.5306,-1.0968,-1.3651,-1.3722,-0.70022,-1.7614,-1.1314,-0.25185,0.93358,-0.96437,-1.591,-1.4408,-0.86208,-1.3038,-0.98258,-0.60879,-0.59108,-0.084911,0.84478,1.078,0.0358,-0.56641,-1.0967,-0.9912,-0.17333,0.18458,-0.19039,-0.90298,0.0068082,-0.37044,-0.39331,-0.046073,-0.3144,0.90868,0.91428,-0.085084,0.14695,-0.80941,-0.26838,0.82291,-0.7717,-0.013924,0.49964,-0.22774
4.2767,4.9637,4.4649,4.4869,5.3101,5.1014,5.1987,5.6319,5.807,5.8365,5.8991,6.0084,5.8017,5.746,5.6537,5.5554,5.5143,5.1625,5.3154,4.9358,4.8126,4.7369,4.1099,4.2623,3.709,4.0688,4.1052,3.8795,3.9752,3.9657,4.1319,3.8341,3.6587,3.5798,3.6974,4.0274,4.0461,4.1268,3.9722,3.9237,3.7632,3.8146,3.5521,3.5455,3.715,3.7551,3.8453,3.8545,3.7168,3.4335,3.5461,3.59,3.2411,3.4195,3.4346,3.295,3.3243,3.6031,3.4164,3.6082,3.425,3.3643,3.3631,3.1773,3.3721,3.6506,3.6965,3.33,3.1771,3.2289,3.4291,3.435,3.2528,3.0885,3.1856,0.54224,-0.067614,0.4165,0.4165,0.74898,0.77601,1.1013,1.4565,1.7192,1.5657,1.3949,0.83129,0.94206,0.84144,0.81332,0.9404,1.0843,1.1672,0.85119,1.5165,1.648,1.5357,1.2268,1.1086,0.65445,0.73636,0.41191,0.5512,0.64797,0.80058,0.73006,0.5276,0.51619,0.31795,0.40787,0.46553,0.68571,0.72442,0.67309,0.81505,0.51531,0.5493,0.73876,1.0575,0.90035,0.54439,0.8891,1.0692,1.591,1.8396,1.6405,1.2955,1.0765,1.0556,1.0598,0.74988,0.81847,0.71837,0.87043,0.83851,0.79139,0.89598,1.2798,1.2457,1.3512,1.2391,1.1837,0.99122,0.57755,0.8755,0.96834,0.47233,0.67756,0.85681,0.55351,-0.53238,-1.7803,-0.32377,-0.32377,-1.677,-1.7138,-1.1846,-0.91911,-1.0757,-1.238,-1.4795,-2.4569,-1.5301,-1.7046,-1.6266,-1.1752,-0.71398,0.11052,-0.73041,1.4825,2.0212,1.9408,2.4011,1.7141,2.2472,1.4896,0.83737,1.6745,1.2384,1.4826,0.84653,0.94667,0.9112,1.0039,1.2415,0.38486,1.204,1.1091,0.6035,-0.26704,0.38019,1.2124,2.352,2.3616,1.5222,0.79632,0.58458,1.0106,1.8878,1.9982,1.203,1.4899,2.1778,2.2257,2.3298,1.5578,1.4617,1.1376,1.7034,0.8647,0.9297,1.234,1.5887,1.3597,0.68872,0.68234,1.1805,0.99256,1.215,1.1279,0.12126,0.36482,0.72894,0.50737,0.39819
4.5527,4.006,4.7195,4.7416,5.2206,5.0205,5.7077,6.6288,6.9883,6.7832,6.5543,5.6113,5.9788,5.7351,5.6537,5.9082,6.2416,6.3849,5.8014,7.1936,7.4712,7.243,6.5372,6.228,5.487,5.5499,4.9358,5.268,5.2423,5.5075,5.2852,4.835,4.6305,4.3997,4.726,4.6853,5.3338,5.4058,4.9471,4.6052,4.4686,4.9701,5.4668,5.7837,5.3765,4.6976,5.0267,5.429,6.2517,6.2722,5.7881,5.6305,5.4065,5.588,5.6593,4.8238,4.8736,4.8903,5.1386,4.879,4.6812,4.8773,5.4373,5.1028,5.0677,5.2308,5.4705,4.8175,4.3621,4.6683,4.4581,4.0898,4.2949,4.199,3.9382,-0.40351,-0.43914,-0.36399,-0.36399,-0.38584,-0.14237,0.10164,0.32933,0.66669,0.47736,0.09639,-0.17756,-0.22724,-0.29385,-0.26138,-0.096549,0.03071,0.08463,0.16205,0.81779,1.5269,1.4344,1.1867,0.62701,0.77391,0.35015,0.1306,0.25006,0.77593,1.2194,1.1445,0.95621,0.77812,0.73366,0.68719,0.51304,0.8975,1.2092,0.9053,0.46778,0.49512,0.6607,0.98371,1.4082,1.1937,0.44218,0.54285,0.73929,1.365,1.9129,1.5209,0.93854,0.77899,1.0152,1.406,1.061,0.66031,0.62144,1.2847,1.1782,0.55009,0.61406,1.317,1.4038,0.558,0.60038,1.2594,1.2624,0.66348,1.0279,1.0351,0.47016,0.84376,1.1005,0.74269,-1.3591,1.0372,-1.2372,-1.2372,-0.59267,-0.123,-0.81475,-1.3353,-1.0292,-0.93868,-1.1176,0.43915,-0.80854,-0.56597,-0.52276,-0.89868,-1.3931,-2.2757,-0.64787,-2.88,-2.2633,-2.1435,-2.4813,-2.6773,-2.0083,-2.262,-1.4,-2.2768,-0.98249,-0.64502,-0.017671,-0.089447,-0.38733,-0.17252,-0.68283,-0.28984,-0.78043,-0.13965,-0.13908,-0.42749,-0.42057,-0.98963,-1.8621,-1.6602,-0.9355,-1.0007,-1.2771,-1.6705,-2.3399,-1.8516,-1.4422,-2.2038,-2.7728,-2.3066,-1.6374,-0.93549,-1.778,-1.3315,-0.87491,-0.18522,-1.4123,-1.7979,-1.5143,-1.0435,-2.2751,-1.9597,-1.0292,-0.45018,-1.0432,-0.82305,0.012356,-0.36916,-0.39654,-0.019893,-0.019827
3.4697,4.0855,3.7369,3.759,4.5384,4.8167,5.402,6.2905,7.1404,6.7913,6.0919,5.6533,5.3473,5.1583,5.131,5.3623,5.5757,5.3317,5.6395,6.5714,7.8665,7.6056,6.4833,5.5164,5.2568,4.7691,4.3664,4.3797,5.527,6.4044,6.4209,5.7465,5.215,5.0471,5.0718,5.0535,5.8411,6.5451,5.7828,4.8593,4.7534,5.136,5.5195,6.3618,6.1024,4.6395,4.931,5.3331,6.4467,7.2593,6.5878,5.4671,4.7991,5.4499,6.2466,5.417,4.6449,4.846,5.9858,5.9646,4.5251,4.5924,5.9971,5.9848,4.4881,4.8513,6.2154,5.8549,4.504,5.2847,5.4994,4.3754,4.9404,5.2896,4.6709,-0.39695,0.10166,-0.22049,-0.22049,-0.16277,-0.0024578,-0.15608,-0.21963,0.04822,-0.020033,-0.23532,-0.20763,-0.76499,-0.6804,-0.64893,-0.75961,-0.81399,-0.68185,-0.20625,-0.56072,0.085357,-0.13147,-0.13495,-0.24191,0.0036311,-0.096391,0.27562,0.13611,0.38666,0.72537,0.77573,0.52356,0.02571,0.040692,0.035425,0.21596,0.24033,0.57073,0.34354,0.14949,0.096934,-0.039752,-0.088631,0.32469,0.49509,0.14771,-0.32133,-0.20358,-0.11067,0.54325,0.43347,0.0574,0.088979,-0.0060735,0.43629,0.421,-0.40227,-0.23092,0.44402,0.65865,0.16722,0.055659,0.32289,0.61594,0.020468,-0.28802,0.38553,0.64054,0.19535,0.27383,0.56794,0.27387,0.23071,0.71188,0.56729,1.3722,0.044391,1.5242,1.5242,1.0388,0.40283,0.29931,0.23736,-0.20773,-0.056113,0.45418,-0.49928,-0.26696,-0.20715,-0.25235,-0.42744,-0.2963,0.74272,-0.088724,0.123,-0.6199,-0.98818,-0.162,0.9395,0.46777,1.3689,1.6901,2.0489,0.20396,-0.34294,-0.71985,-0.77587,-1.1175,-1.2134,-0.6207,-0.30432,-0.53391,-1.1372,-0.98444,-0.20909,-0.37581,-0.41127,-0.28258,-0.50674,-0.46171,0.41179,-0.45128,-0.21529,-0.6113,-0.88775,-0.73254,0.44157,1.3928,0.26407,-0.30201,-0.34456,-0.34717,-0.37327,-0.80642,-0.85397,0.64658,0.68107,-0.47383,-0.5321,1.2001,0.18294,-0.71865,-0.79355,0.1069,-0.68513,-0.94677,-0.023414,-0.82955,-0.75743,-0.33097
3.7588,4.2093,4.2785,4.3006,4.895,5.0156,5.3955,6.1896,7.0847,6.7432,6.0836,5.1961,4.4488,4.3743,4.3559,4.389,4.6136,5.0212,5.3889,6.0722,7.6419,6.9801,6.2673,5.7442,5.4943,5.3571,5.4871,5.5402,6.0156,6.9583,6.8367,5.8821,4.6819,4.4811,4.7969,5.1173,5.8145,6.5473,5.6342,4.9042,4.6624,4.8906,5.2896,6.4331,6.3666,4.9931,4.384,5.0219,6.0303,7.3586,6.655,5.7453,5.5845,5.5758,6.5319,5.6658,4.069,4.4284,6.0266,6.1963,5.0157,4.9886,6.083,6.3347,5.1087,4.6548,6.2416,6.0986,4.7528,5.216,5.5939,4.6375,4.7563,5.6228,5.0727,0.036688,0.035087,0.26791,0.26791,0.14008,0.10268,0.031143,0.0015773,-0.041353,-0.042458,-0.05614,-0.28174,-0.30436,-0.40353,-0.52789,-0.66646,-0.6604,-0.36866,-0.25633,-0.041013,-0.20475,-0.47928,-0.40066,-0.27791,-0.23449,0.12712,0.31262,0.40141,0.31592,0.39356,0.27177,0.044438,0.031827,0.0088407,0.036654,0.15035,0.20541,0.08796,-0.1925,-0.10659,-0.15968,-0.19345,0.046414,0.14556,0.16988,0.30715,0.13286,0.079903,0.081613,0.094776,-0.088502,-0.059743,0.2798,0.16065,0.19773,0.07193,0.07402,0.077988,0.15283,0.13315,0.20566,0.29397,0.18367,0.19424,0.18395,0.13412,0.054382,0.017562,-0.070558,0.099012,0.096367,0.16928,0.19994,0.19767,0.12176,-0.50497,-0.17754,-0.54741,-0.54741,-0.43311,-0.19256,0.07513,0.20505,0.028588,0.011263,-0.095813,0.35104,1.1882,0.7609,0.49444,0.61374,0.60349,-0.11635,-0.011435,0.91641,0.039679,0.29256,-0.36941,-1.0115,-0.944,-0.92189,-1.6161,-1.5183,-0.34543,-0.32068,-0.28808,-0.18237,1.1297,1.1497,0.62316,0.17311,0.46406,0.17168,-0.08765,-0.30307,-0.13742,0.10387,0.55267,0.14846,-0.18871,-0.092905,1.3597,0.78227,0.99586,-0.0091908,-0.3114,-0.67586,-1.0112,0.069381,-0.17511,-0.35358,1.2997,0.99109,0.22404,-0.19703,-0.56971,-0.20444,0.19539,-0.31131,-0.87311,0.66134,0.056366,-0.4524,-0.6387,0.3355,0.0036205,-0.18578,0.768,-0.27101,-0.56009
3.543,4.1556,4.2727,4.2948,4.8186,5.022,5.4642,6.2937,7.0577,6.7064,5.9796,5.0898,4.7385,4.3512,4.0752,4.0294,4.2549,4.5944,5.1268,6.4894,7.457,6.6471,5.682,4.9605,4.7878,5.0233,4.9917,5.1825,6.1589,7.1915,6.9644,5.8354,5.2786,5.0648,5.1451,5.3542,6.2519,6.7211,5.3978,4.6461,4.434,4.7491,5.6123,6.6529,6.4422,5.2537,5.1967,5.4929,6.6099,7.4488,6.4108,5.3476,5.3587,5.7712,6.6421,5.5609,4.7929,5.002,6.2915,6.2309,4.9365,5.1804,6.3644,6.3733,4.8561,5.1196,6.3242,5.89,4.3629,5.4827,5.6921,4.7139,5.3402,5.6849,4.9145,-0.15533,-0.18313,-0.042528,-0.042528,-0.081319,-0.06067,0.021369,0.061787,-0.016587,-0.022982,-0.065573,0.073387,0.32316,0.29228,0.2772,0.24989,0.17635,0.10538,0.048572,0.26033,-0.21936,-0.45366,-0.71195,-0.94973,-0.77248,-0.68154,-0.41839,-0.35102,0.066515,0.053817,-0.074342,-0.36598,-0.039235,0.038002,-0.035297,0.069006,0.41278,0.23907,0.063886,0.15836,0.249,0.22057,0.36914,0.20174,0.03182,0.060349,0.41278,0.31999,0.46488,0.042677,-0.19043,-0.35285,-0.50601,0.24076,0.043076,-0.024607,0.55068,0.436,0.231,-0.10821,-0.091523,0.16411,0.19881,-0.10861,-0.38612,0.35188,0.014264,-0.55101,-0.030239,0.19918,-0.070873,-0.27516,0.36199,-0.0019485,-0.46354,0.12094,-0.25889,-0.073477,-0.073477,-0.0096915,-0.13414,-0.094679,-0.084631,0.020943,0.02769,0.076948,0.35922,0.066828,0.63071,1.1157,1.219,1.07,1.0644,0.62124,-0.31373,-0.068894,-0.24131,-0.25317,-0.33213,-0.13198,-0.69542,0.15402,0.013409,-0.15338,-0.3588,-0.40414,-0.63847,-1.2719,-1.0914,-0.76706,-0.33581,-0.049315,0.13053,0.60042,0.83297,0.95478,0.72417,0.092787,-0.036099,-0.087403,-0.40069,-0.79983,-0.3021,-0.22932,-0.095007,0.10754,0.089652,-0.56045,0.090836,-0.1342,0.16051,-0.34643,-0.27506,-0.067694,-0.28569,-0.024648,-0.055286,-0.16511,-0.29439,-0.26704,-0.22582,-0.1366,-0.68474,0.71934,-0.13516,-0.3381,-0.70311,-0.4439,-0.12823,-0.61052
3.4482,3.8431,4.1935,4.2155,4.7324,4.8943,5.4383,6.3132,7.0516,6.6972,5.9525,5.3428,5.0951,4.9588,4.9103,4.8888,4.9663,5.232,5.486,6.5928,7.2032,6.0728,4.8434,3.8448,3.9493,3.9941,4.6503,4.8382,6.1487,7.0659,6.688,5.1501,4.6035,4.5571,4.7263,5.2553,6.64,7.0254,5.7619,5.2209,5.1604,5.3317,6.0279,6.8366,6.4303,5.1138,5.2096,5.6618,6.9601,7.444,6.2742,5.0396,4.5725,6.0573,6.6181,5.6166,5.1704,5.3004,6.4886,5.9799,4.8326,5.3168,6.4807,6.1175,4.3364,5.3586,6.2701,4.9966,4.6924,5.6143,5.4522,4.0872,5.4803,5.6189,4.1457,0.11947,0.059586,0.10457,0.10457,0.022058,0.02122,0.030947,0.035883,-0.010307,-0.015615,-0.060294,-0.056288,-0.091139,-0.061536,-0.0079464,-0.033594,-0.17287,-0.13491,0.0047879,-0.012446,-0.17759,-0.27345,-0.13905,0.22927,0.154,0.12292,-0.015311,0.030759,-0.03924,-0.18748,-0.24112,-0.28227,-0.11596,-0.017521,0.093403,0.22731,0.29224,0.19559,0.093885,0.31055,0.39084,0.30092,0.20655,0.088346,0.0064121,-0.088382,-0.12492,-0.043764,0.18505,-0.011461,-0.10471,0.26837,0.29078,0.28574,0.012555,-0.10514,0.0059352,0.023033,0.060119,-0.18305,-0.23762,-0.14537,0.033719,-0.11202,0.054701,0.093617,-0.053835,-0.44053,0.1007,0.071736,-0.098593,-0.32597,0.053978,-0.036358,-0.14287,0.42867,0.74432,0.36767,0.36767,0.21644,0.29792,0.11384,0.032823,-0.0083812,-0.012956,-0.066391,-0.61857,-0.89543,-1.3383,-1.686,-1.7859,-1.7685,-1.545,-0.7088,-0.23182,0.15243,0.60172,1.399,2.6901,1.9849,2.3043,0.65214,0.75015,-0.058126,-0.1238,0.070592,0.80589,1.1184,0.98033,1.0245,0.65241,-0.19178,-0.21749,-0.54043,-0.52859,-0.67111,-0.56347,-0.41798,-0.19069,0.036587,0.10323,-0.27556,-0.4254,-0.33035,-0.013269,0.063889,1.1528,2.154,-0.00086767,0.073154,-0.32157,-0.74307,-0.55087,-0.27407,0.13601,-0.26754,-0.56367,-0.16507,0.28759,1.1487,-0.29072,0.00040552,0.90569,-0.45747,-0.11973,0.28266,0.60149,-0.17213,0.059409,1.2519
3.782,4.2748,4.4819,4.5039,4.8627,5.0645,5.5261,6.3655,7.0371,6.6751,5.859,4.9773,4.5563,4.2281,4.0593,3.9622,3.9092,4.3246,5.1364,6.4645,7.1018,6.1002,5.4039,5.4191,5.0958,5.2691,4.961,5.244,6.0804,6.8165,6.4822,5.2708,5.0467,5.0297,5.3319,5.8088,6.8364,7.1122,5.5856,5.2672,5.2157,5.3509,6.0254,6.8296,6.455,5.077,4.9469,5.4054,6.98,7.4259,6.2014,5.8844,5.9403,6.3427,6.6672,5.3506,4.8048,5.048,6.4117,5.8648,4.4612,4.8896,6.4318,6.1492,4.9655,5.3068,6.2165,5.0089,4.5643,5.6262,5.4949,4.062,5.4482,5.6122,4.6287,0.089575,0.16996,0.071288,0.071288,0.01157,0.037191,0.025671,0.021002,-0.025497,-0.025919,-0.029734,-0.045748,-0.048032,-0.082137,-0.10151,-0.097581,-0.10337,-0.16452,-0.10745,-0.0065134,-0.051917,0.059757,0.33267,0.73747,0.56396,0.32994,0.11194,-0.13126,-0.04457,-0.15267,-0.15363,0.12212,0.30038,0.25782,0.26011,0.048961,0.13684,0.06105,-0.089673,0.023607,-0.20443,-0.32826,0.010441,0.0092615,-0.0041902,0.21733,0.08301,-0.10826,0.038078,-0.05718,-0.016086,0.33906,0.28015,0.15297,0.040779,-0.011486,-0.081602,-0.064648,-0.026513,-0.11369,-0.054889,-0.19402,-0.021904,-0.081178,0.35569,0.062214,0.017533,-0.00691,-0.26529,0.079588,0.026469,0.099939,-0.001794,-0.066612,0.11222,-0.48847,-0.52356,-0.43422,-0.43422,-0.23742,-0.26598,-0.12439,-0.062585,-0.021999,-0.0076511,0.12751,0.63965,0.98164,1.2971,1.4989,1.658,1.9075,1.4858,0.48433,0.24368,0.098913,0.064691,-0.45554,-1.6737,-1.165,-1.8903,-0.39764,-1.0742,0.047465,0.19342,0.10438,0.0029068,-0.28571,-0.42965,-0.69104,-1.0091,-0.11901,-0.051581,0.17331,-0.045295,-0.51941,-0.69488,0.025761,0.032518,-0.057792,0.50819,0.69142,0.29641,0.036413,-0.078169,0.11337,-1.0114,-2.1753,-0.26467,-0.016704,0.50886,0.56799,0.37551,0.1008,0.0027003,0.633,0.46637,0.053826,-0.22591,-0.54671,0.22791,0.14233,-0.038447,-0.2745,0.13544,-0.032533,0.25034,0.060581,-0.11992,-0.7417
3.6273,4.183,4.336,4.3581,4.7555,4.9687,5.4896,6.3552,7.0006,6.6454,5.893,5.2513,4.999,4.7946,4.7073,4.6936,4.7595,4.9029,5.2711,6.5798,7.0994,6.1923,5.5088,5.3197,5.0773,4.6539,4.8742,4.5756,6.0595,6.7606,6.3807,5.3944,5.2042,5.0727,5.2465,5.3532,6.9137,7.1475,5.5826,5.2681,4.7516,4.6752,6.0487,6.8551,6.4219,5.5484,5.3756,5.4453,7.0363,7.3296,6.242,5.7177,5.1328,6.3633,6.6996,5.5936,5.0072,5.1711,6.4356,5.7525,4.7228,4.9288,6.4368,5.9551,5.0478,5.483,6.3052,4.9828,4.1618,5.7735,5.5051,4.2871,5.4767,5.4856,4.3701,-0.38435,-0.42492,-0.39912,-0.39912,-0.3004,-0.1966,-0.09583,-0.05999,-0.015389,-0.01031,0.037741,0.24816,0.3064,0.45196,0.52546,0.58374,0.66421,0.52399,0.23144,0.066565,0.011992,-0.038029,-0.28532,-0.60064,-0.6349,-0.20135,-0.18715,-0.10337,0.031538,-0.053551,-0.11338,-0.23779,-0.17753,-0.075678,-0.045055,-0.10211,0.020873,0.036058,-0.013714,0.01835,-0.0071913,-0.039478,0.050877,0.0088556,-0.077044,-0.093344,0.15401,0.044723,-0.011688,-0.064236,-0.11118,-0.22192,-0.47252,-0.037884,-0.012126,-0.023453,-0.10325,-0.060291,0.044277,0.020628,0.073425,0.013227,-0.037619,-0.13144,-0.025563,-0.038186,-0.017869,-0.14102,-0.15736,0.025189,-0.010495,-0.004613,-0.042124,-0.066937,-0.23756,-0.45939,-0.66621,-0.50659,-0.50659,-0.38652,-0.2016,-0.11862,-0.099398,0.042214,0.038868,0.00744,-0.051835,-0.27279,-0.22895,-0.24498,-0.29533,-0.37229,-0.10876,0.19346,-0.097526,0.028904,-0.26026,-0.78043,-1.0025,-1.2327,0.82775,-0.20054,1.13,0.10475,0.0048197,-0.023877,-0.72273,-0.67011,-0.23735,0.080709,0.70696,-0.11293,0.0015977,-0.021391,0.034781,0.91388,1.2724,0.05511,-0.03333,-0.087915,-1.1295,-0.54943,0.009552,-0.13594,0.064056,-0.30355,-0.11056,0.66995,-0.11704,-0.089107,-0.5328,-0.6113,-0.3668,0.040782,0.26594,-0.37637,-0.051873,-0.085255,0.12539,-0.21579,-0.42871,-0.21313,-0.22977,0.49036,-0.24423,-0.041394,-0.45944,-0.14124,0.11927,0.042138
3.0133,3.425,3.6836,3.7057,4.2619,4.6713,5.3345,6.2455,7.0063,6.6545,5.9345,5.4736,5.169,5.132,5.1102,5.1297,5.2376,5.3726,5.5993,6.5976,7.1258,6.0241,4.8332,4.2178,3.826,4.8664,4.5868,5.0373,6.1434,6.7094,6.2554,4.7952,4.6916,4.8784,5.2418,5.6046,6.8781,7.1844,5.5582,5.3039,5.2013,5.2719,6.1272,6.8473,6.3009,4.8903,5.2549,5.4948,6.9566,7.2974,5.979,5.4405,4.9952,6.2669,6.6429,5.3037,4.5983,4.9275,6.5002,5.9061,4.6081,4.9161,6.3566,5.8864,4.9143,5.2305,6.1807,4.7269,4.2496,5.6766,5.4739,4.0527,5.3639,5.4783,4.1536,0.37244,0.34588,0.20094,0.20094,0.17895,0.11527,0.066828,0.044628,-0.015938,-0.026241,-0.13803,-0.27569,-0.58529,-0.78813,-0.96746,-0.61188,-0.31215,-0.12056,-0.12403,-0.0079564,-0.055188,-0.13868,-0.18402,-0.28717,-0.24367,0.082398,-0.065995,0.20191,0.059449,-0.080567,-0.1323,-0.26736,-0.33621,-0.057185,0.0054376,0.13057,0.019599,-0.062319,-0.10639,-0.077597,0.11178,0.20325,0.039922,-0.074876,-0.21171,-0.35351,-0.28378,-0.013503,-0.044436,-0.13963,-0.37151,-0.34055,-0.084601,0.027785,-0.12886,-0.47919,-0.3112,0.11978,0.045127,-0.015563,0.081741,0.24279,-0.073101,-0.20753,-0.072949,0.11032,-0.066785,-0.24921,0.19044,-0.026579,-0.22552,-0.046892,0.0017838,-0.13277,-0.24943,1.973,2.2078,1.7067,1.7067,1.3452,0.82534,0.44393,0.30863,-0.043312,-0.070731,-0.35898,-0.99587,-1.5106,-2.2512,-2.7409,-2.0959,-1.5804,-1.1803,-0.9044,-0.051517,-0.16326,0.058968,0.98303,1.6294,2.0152,-0.26026,0.44284,-0.51943,-0.048928,-0.058852,-0.013961,0.66358,0.35275,0.27433,0.020276,-0.24159,0.11038,-0.19835,-0.16397,-0.22668,-0.67593,-0.78698,-0.07702,-0.13413,-0.18141,0.60919,-0.32615,-0.126,0.070449,-0.21485,-0.21711,-0.1267,0.10589,0.24838,-0.14435,-0.37867,0.19542,0.72693,-0.039082,-0.33833,0.393,0.51101,0.014291,-0.27758,0.12102,0.72572,0.1153,0.013391,0.20524,0.1407,-0.38866,0.37488,0.22905,-0.25095,-0.065872
4.3722,4.8747,4.7379,4.76,5.1134,5.1992,5.6233,6.4444,6.9687,6.5929,5.617,4.6999,3.8285,3.2183,2.7723,3.4699,4.1353,4.6618,5.023,6.5639,6.989,5.9149,5.1407,4.7454,4.5899,4.8187,4.7422,4.9795,6.1784,6.5994,6.1161,4.8597,4.5318,4.9583,5.2574,5.6143,6.9529,7.0229,5.3698,5.113,4.9751,5.0817,6.1286,6.7054,5.9985,4.8414,4.8081,5.4183,6.9474,7.0504,5.499,5.0366,4.9636,6.4189,6.4419,4.6352,4.3848,5.4107,6.5258,5.7214,4.8863,5.4144,6.2906,5.54,4.9019,5.7036,6.1716,4.4844,4.5426,5.7203,5.0541,4.1933,5.4803,5.2201,3.8712,0.56991,0.59458,0.32093,0.32093,0.35662,0.22451,0.14092,0.11329,-0.032791,-0.043259,-0.14581,-0.15995,-0.1481,-0.15533,-0.17452,-0.19188,-0.16923,-0.10016,-0.020636,0.042148,-0.12253,-0.13414,-0.059813,0.28152,0.30161,-0.5706,-0.13869,-0.010484,0.083981,-0.095031,-0.18102,0.14265,0.09532,-0.047559,0.065526,0.10662,0.059947,-0.15828,-0.24295,-0.18207,-0.2423,-0.12852,0.071223,-0.062171,-0.37534,0.092501,-0.091262,0.04738,-0.027289,-0.21189,-0.44173,-0.24103,0.23354,0.12834,-0.084835,-0.076072,0.24656,0.40834,-0.012333,-0.19456,-0.012507,0.33351,-0.041372,-0.20701,0.031735,0.26325,-0.043589,0.13522,0.35535,0.12052,-0.16654,0.36712,0.016514,-0.25919,0.086618,-1.578,-1.7104,-1.4667,-1.4667,-0.98987,-0.60686,-0.29574,-0.1713,0.0096059,0.036696,0.34341,1.2274,2.385,3.5168,4.3267,2.9359,1.8663,1.2211,1.1112,0.15173,0.028581,-0.049902,-0.73461,-0.49208,-0.9246,-1.0457,-0.58823,0.094628,0.097992,0.029925,-0.083485,0.15645,0.51031,-0.25508,0.099901,0.19368,-0.029687,0.0064371,-0.10914,0.017737,-0.032236,0.12343,0.13962,0.15954,-0.14586,0.28283,0.71119,0.24777,-0.036157,0.070341,0.07665,0.32573,0.5304,-0.047282,0.2324,1.1849,0.9201,-0.14981,-0.075839,-0.019673,-0.5815,-0.32958,0.049167,0.27864,0.088351,-0.41986,-0.068912,0.75547,0.12458,0.15351,0.50662,0.45314,-0.19959,-0.0018877,0.73797
4.1531,4.6141,4.3255,4.3476,4.9751,5.1203,5.6163,6.4721,6.9407,6.568,5.6429,5.1537,4.8728,4.8214,4.7612,4.7459,4.8992,5.1722,5.558,6.6819,6.8808,5.7558,4.7136,4.7808,4.4292,3.7253,4.3094,5.0163,6.3114,6.5194,5.8934,5.0805,4.8823,4.7833,5.3728,5.8178,6.998,6.8678,5.0723,4.9398,4.7167,5.0149,6.2696,6.723,5.5502,5.0753,5.0724,5.5896,6.902,6.8737,5.0956,4.9585,5.4623,6.5236,6.4733,5.1516,5.0914,5.7441,6.4756,5.517,4.5831,5.5831,6.2739,5.4723,4.9778,5.757,6.0936,4.9973,4.9603,5.9176,5.1409,4.787,5.397,4.96,4.3268,-0.24186,-0.22193,-0.26617,-0.26617,-0.10506,-0.039723,0.024882,0.05325,-0.017685,-0.020497,-0.061171,0.11285,0.33361,0.5372,0.67531,0.2836,0.064618,0.02381,0.14448,0.11062,-0.055039,-0.026276,0.092026,0.24945,0.24099,0.16481,0.17746,0.22933,0.085979,-0.09856,-0.24322,0.021968,-0.018974,0.0017472,0.013962,0.18162,0.0081212,-0.21272,-0.12632,-0.021327,-0.02485,0.065609,0.16658,0.048036,-0.21889,-0.14792,-0.046725,-0.020335,-0.035031,-0.18304,0.055129,0.26236,0.37634,0.1984,-0.0012604,-0.18573,0.0015347,0.21044,-0.19083,-0.34977,-0.28442,0.20126,-0.0049769,-0.23887,0.08788,0.1434,-0.10403,0.064505,0.41631,0.10101,-0.12106,0.25139,0.0481,-0.18838,0.47448,-0.045505,0.077371,0.29251,0.29251,0.066503,0.078393,0.063661,0.051212,0.020607,0.0088275,-0.17412,-0.68176,-1.4215,-2.1318,-2.6271,-1.9849,-1.3986,-0.97319,-0.78095,-0.014778,0.1064,0.26563,1.0383,0.42795,0.80336,2.5165,1.2205,0.385,-0.093995,-0.036983,-0.040917,-0.39782,-0.73889,0.35369,-0.20303,-0.043672,-0.073964,-0.11533,0.34238,0.30374,0.46714,0.26484,0.051096,0.060869,0.45876,-0.76367,-0.62211,-0.3832,0.020672,-0.012653,0.91707,0.68105,-0.24481,0.18741,-0.065247,-1.4042,-1.4102,-0.24598,-0.28116,-0.29073,0.037673,0.06509,0.023622,-0.34237,0.023937,0.18016,-0.05197,-0.8969,-0.0026547,-0.19253,-0.41565,-0.6846,0.26277,0.14351,0.037756
3.8885,4.4309,4.2056,4.2276,4.9033,5.1198,5.673,6.5509,6.9333,6.5519,5.4946,4.9256,4.4957,4.2927,4.1229,4.0371,4.2645,4.7094,5.312,6.7851,6.8789,5.8624,5.3248,5.2443,5.0719,5.1483,5.0971,5.4381,6.3504,6.4023,5.6297,4.9036,4.4939,4.9618,5.2853,5.9776,6.9691,6.5974,5.1171,5.0703,4.9254,5.2129,6.4618,6.8015,5.5607,4.5456,4.7146,5.3777,6.8773,6.6843,5.6092,5.5614,5.7162,6.8157,6.4394,4.2637,4.3879,5.8316,6.1442,5.0218,4.3175,5.8169,6.2807,5.0623,5.0776,5.9904,5.9635,4.6134,5.3753,5.9224,4.812,4.6961,5.5765,4.8433,4.8202,-0.068023,-0.082852,0.010105,0.010105,-0.00051077,-0.0092192,0.042131,0.061207,-0.038996,-0.041471,-0.073564,-0.019209,-9.0072e-05,-0.0078355,0.00351,0.027227,0.046427,0.060173,0.054102,0.12181,-0.064505,-0.04234,0.055187,-0.197,-0.10524,0.12499,0.016106,0.11744,0.10358,0.0063402,-0.10852,-0.022154,-0.015102,0.054224,0.019213,0.18427,-0.027142,-0.25016,-0.2951,-0.20431,-0.030265,0.020184,0.14047,-0.0087288,-0.26886,-0.043294,-0.038629,0.055789,-0.027151,-0.41362,-0.052118,0.16245,0.16417,0.22103,-0.13098,-0.091626,-0.12377,0.11617,-0.21121,-0.58298,-0.042304,0.25137,-0.013073,-0.32822,-0.035128,0.14041,-0.2115,-0.13564,0.38924,0.035496,-0.3303,0.051592,0.070489,-0.43935,0.38482,0.39319,0.20078,0.26004,0.26004,0.14259,-0.017385,-0.029162,-0.035298,-0.063231,-0.050776,0.14934,0.41765,0.75414,1.0417,1.2835,1.4722,1.3622,1.0459,0.6002,0.037149,-0.12533,-0.29776,-1.112,-1.3208,-1.4958,-2.5962,-1.5432,-0.60878,0.1292,0.24678,0.31033,0.30957,0.74664,-0.24874,0.21353,0.048971,0.0034367,0.040461,-0.67993,-0.66971,-0.47797,-0.35569,-0.10331,-0.1744,-0.55871,0.97291,0.63831,0.53545,-0.0049117,-0.4485,-1.1316,-0.88086,-0.17952,-0.14216,-0.1942,1.5924,1.1596,0.057437,0.24041,-0.1757,0.44656,0.035119,-0.039815,0.16368,-0.26995,-0.18614,-0.16298,0.4966,-0.051496,0.061493,-0.0028216,0.28501,-0.21799,-0.64544,-0.21707
4.017,4.4484,4.3457,4.3678,4.9741,5.1018,5.7006,6.5945,6.8627,6.485,5.4957,5.1153,4.8727,4.8057,4.7682,4.8004,4.992,5.2926,5.6662,6.9255,6.7518,5.6711,4.824,4.3868,4.2188,3.9752,4.3416,5.2512,6.5186,6.532,5.6763,5.0362,4.8521,4.8917,5.4113,6.1863,6.9437,6.3675,4.4821,4.5311,4.6562,5.0553,6.5506,6.7055,5.0125,4.9887,4.9951,5.7012,6.8477,6.0464,4.9913,5.2834,5.7907,6.9656,6.2113,4.9683,4.8439,5.9765,6.0532,4.351,4.4984,6.0858,6.2477,4.8159,4.9075,6.0378,5.6706,4.726,5.7388,5.9886,4.4803,4.8902,5.5379,4.0813,5.0965,-0.13603,-0.11419,0.0057087,0.0057087,-0.060993,-0.06369,0.0038884,0.024029,-0.030162,-0.031255,-0.045965,0.085912,0.1648,0.19135,0.27989,0.37196,0.32719,0.18484,0.10068,0.094259,-0.088452,-0.093223,-0.11321,-0.19412,-0.11088,-0.208,-0.25797,0.068073,0.10423,0.053666,-0.071941,-0.078671,-0.14307,-0.47875,-0.44695,0.023289,-0.10054,-0.20522,-0.21016,-0.33222,-0.62341,-0.40473,0.003338,-0.16457,-0.14677,0.11256,-0.4077,-0.098524,-0.10765,-0.41378,-0.14382,-0.16734,0.10752,0.053542,-0.17584,0.46409,0.075134,0.0036822,-0.17368,-0.261,-0.08415,0.083595,-0.090166,0.096313,-0.025092,-0.055315,-0.30496,0.11869,0.13741,-0.035014,0.051955,0.23826,-0.060017,-0.30065,0.14467,-0.52919,-0.26346,-0.26883,-0.26883,-0.26356,-0.091557,-0.047324,-0.039059,0.080899,0.071208,-0.09414,-0.2074,-0.42437,-0.64332,-0.73072,-0.78273,-0.80067,-0.7966,-0.50705,-0.092247,0.077439,0.19599,0.77517,1.3266,1.4846,1.9302,0.99509,0.51004,-0.12791,-0.15213,-0.23717,-0.42261,-1.0026,-0.81722,-1.1459,-0.37094,-0.15022,0.049401,0.84981,0.4139,-0.70831,-0.49414,-0.17096,-0.13728,0.8029,-0.66121,-1.3764,-0.84407,-0.15609,0.44819,0.94816,0.22127,0.06622,-0.19281,0.10448,-0.48099,-0.76175,-0.28242,-0.16534,0.81966,-0.53025,-0.37066,-0.11437,0.68537,0.29003,-0.2053,-0.02393,0.012078,-0.45215,-0.20251,0.76733,0.088331,-0.043026,0.92283,-0.26324
3.6164,4.2025,4.217,4.2391,4.7813,4.9924,5.6808,6.599,6.873,6.4894,5.4027,5.0975,4.8253,4.6754,4.6827,4.781,4.9189,5.0791,5.5134,6.9737,6.702,5.6759,5.0983,4.856,4.8501,4.7323,4.5812,5.5743,6.5588,6.5096,5.4858,4.7463,4.2077,4.0043,4.3914,6.0242,6.7681,6.187,4.6968,4.4059,3.6786,4.4034,6.4684,6.4723,5.2672,4.7707,3.8992,5.1806,6.662,5.8567,5.3216,5.2267,5.9313,6.9227,6.0877,5.1919,4.5381,5.8389,5.7968,4.4998,4.1492,5.9841,6.1004,5.2549,5.0275,5.8798,5.3536,4.8508,5.6501,5.8523,4.9159,5.1726,5.4564,4.242,5.1095,-0.27425,-0.19699,0.0017478,0.0017478,-0.032458,-0.013539,-0.0073655,-0.0055962,-0.0074194,-0.0089426,-0.03644,-0.11791,-0.20182,-0.27024,-0.26882,-0.24461,-0.21272,-0.1508,-0.11276,-0.0035515,0.025905,0.077988,0.14059,0.38998,0.26785,0.50017,0.23543,0.013013,0.031291,0.02223,-0.044616,-0.10293,-0.043244,-0.044987,-0.15948,-0.25448,-0.17964,-0.10565,0.19852,0.17836,0.077585,-0.0028425,-0.14451,-0.19345,-0.21991,-0.5493,-0.35901,-0.34182,-0.1697,-0.044244,-0.041557,-0.052269,-0.14673,-0.050248,-0.0081293,-0.12697,0.0074493,-0.13854,-0.054365,0.22517,0.16479,-0.11287,-0.12311,-0.11387,-0.43439,-0.19101,-0.089858,-0.069424,-0.11393,-0.10398,-0.036474,-0.18062,-0.10112,0.058952,-0.089581,0.25274,0.097862,0.26091,0.26091,0.32063,0.19186,0.024816,-0.020191,-0.035413,-0.026583,0.11319,-0.20024,-0.30886,-0.27985,-0.3667,-0.4504,-0.27915,0.12532,0.080176,-0.10337,0.15127,0.14643,-0.26756,-0.15841,-0.72709,-0.5139,-0.0082968,-0.62016,-0.017963,0.08926,0.29182,0.37409,1.2022,1.6848,1.7208,-0.18461,-0.0079852,0.14975,-0.032454,0.60726,2.1103,1.2979,-0.12473,0.079517,-0.94919,-0.66251,1.4738,0.35749,0.031997,0.29088,-0.74363,0.0088815,-0.57473,-0.014773,0.23095,-0.70112,0.62638,-0.0020328,0.40396,0.15268,1.0281,-0.022273,0.048491,-1.1057,-1.1086,-0.066086,0.45413,-0.38831,-0.050539,0.064585,-0.94419,-0.92609,-0.039177,-0.20363,-0.20526
3.4685,4.0544,4.3492,4.3713,4.9092,5.0748,5.6859,6.5833,6.8479,6.4672,5.4228,4.8794,4.469,4.2652,4.2306,4.3112,4.5666,4.991,5.4407,6.9184,6.8036,5.8271,5.1052,5.1668,4.7545,4.9756,4.8124,5.2772,6.5812,6.5765,5.5871,4.8304,4.7656,4.8017,5.0923,5.6774,6.5844,6.1562,4.8791,4.8879,4.8114,5.0496,6.2616,6.3186,4.5727,3.8901,4.2771,5.0175,6.5083,5.9579,4.9082,5.1788,5.4972,6.8651,6.195,4.7144,4.8588,5.6994,5.9444,4.8014,4.828,5.8601,6.0015,4.5882,4.0388,5.6558,5.4908,4.5872,5.5109,5.7807,4.4073,4.5289,5.3357,4.1992,4.9173,0.0047424,-0.073728,0.017908,0.017908,-0.0605,-0.0705,-0.035096,-0.027278,-0.0029313,0.00055671,0.057176,0.024688,0.078681,0.10329,0.10628,0.092989,0.098032,0.13547,0.051077,0.031126,0.027082,0.018899,-0.067316,-0.058061,-0.60806,-0.45115,-0.21787,-0.17272,-0.028413,-0.004124,0.065343,0.0045973,0.11513,0.11794,-0.22134,-0.27028,-0.13673,-0.11379,-0.024489,0.097621,0.47616,0.16849,-0.18491,-0.1551,-0.3349,-0.16971,0.34213,-0.0028843,-0.11589,-0.10025,-0.52792,-0.35075,-0.18218,-0.024714,0.03778,-0.24211,-0.13221,-0.062482,0.024984,-0.097574,0.0889,-0.11653,-0.10045,-0.53854,-0.53163,-0.22252,-0.12892,-0.30032,-0.1295,-0.07527,-0.37443,-0.40806,-0.15029,-0.21586,-0.29529,0.30525,0.14866,-0.22859,-0.22859,-0.37671,-0.30578,-0.080278,-0.023172,0.044389,0.045582,0.074044,0.48544,0.86986,1.0269,1.1169,1.1256,0.90066,0.44722,0.2475,0.17273,-0.14892,-0.26461,-0.14826,-0.73767,-1.0247,-1.3887,-0.89829,0.24869,-0.10145,-0.14197,-0.071901,-0.15903,-0.88548,-1.3589,-1.8445,0.15301,0.093799,-0.16602,-0.41357,-0.76875,-1.3132,-0.95526,0.043926,-0.0028114,0.71921,1.4217,-0.071559,0.32038,0.075608,-0.40289,-0.22909,-0.60584,0.50384,0.065841,-0.13913,0.47083,-0.90571,0.15416,-0.24526,-0.79817,-1.1799,0.014959,-0.0031815,0.25639,0.91415,0.0030601,-0.53226,-0.073485,0.019404,-0.007171,0.26828,0.4712,-0.059164,-0.34599,-0.20617
3.6259,4.0551,4.2528,4.2749,4.6603,4.8514,5.6106,6.5444,6.8671,6.4905,5.517,5.1468,4.9826,4.882,4.8953,4.967,5.1149,5.3501,5.6155,7.0359,6.7562,5.7137,4.9637,4.7399,3.634,3.83,4.1454,5.2288,6.502,6.5014,5.6165,4.7555,4.438,4.2402,3.9487,5.4836,6.4946,5.9594,4.6479,4.6011,4.6309,4.7404,6.0986,6.1621,4.5974,4.4312,4.5835,5.1748,6.4302,5.6562,4.2658,4.5252,5.5669,6.8733,6.1632,4.7077,4.2737,5.714,5.8468,4.3047,4.327,5.751,5.8995,4.1778,3.9642,5.4348,5.0958,4.2501,5.3911,5.7018,4.167,4.3565,5.1558,3.8103,4.519,0.44727,0.40428,0.19741,0.19741,0.099081,0.048782,-0.0041652,-0.022621,0.0067271,0.0061735,-0.0059056,-0.10372,-0.23532,-0.31318,-0.40673,-0.11325,0.0063506,-0.06852,-0.074967,0.037685,0.079478,0.097508,0.27979,0.11997,-0.18055,0.11567,0.14507,-0.086159,-0.079579,-0.049309,0.026161,-0.20509,-0.54572,-0.37492,-0.46068,-0.47962,-0.27036,-0.28343,-0.39116,-0.52118,-0.45615,-0.64259,-0.32474,-0.14931,0.14257,0.12428,-0.050105,-0.42414,-0.22881,-0.058637,0.045993,0.0077903,-0.31253,-0.14889,0.0051193,-0.048297,-0.11026,-0.14961,-0.10839,0.01783,-0.23026,-0.30041,-0.15357,-0.093475,0.19081,-0.2274,-0.12486,0.024436,-0.31715,-0.14189,-9.5551e-05,-0.1717,-0.12132,-0.053386,-0.55404,0.57981,0.80735,0.5876,0.5876,0.69587,0.54434,0.14214,0.032485,-0.025072,-0.034348,-0.20021,-0.74225,-1.4979,-1.8599,-2.1429,-1.5381,-1.084,-0.8552,-0.49958,-0.15961,0.25371,0.42182,0.84247,1.0937,1.8798,2.5224,1.6242,-0.075561,-0.00088626,0.051598,-0.0064633,-0.26034,-0.43622,0.3732,1.3658,-0.57168,-0.36106,-0.17326,-0.31977,-0.46885,-0.55147,-0.6669,-0.32359,0.014384,0.23575,-0.8337,-0.71292,-1.1629,-0.30143,0.4861,1.3769,1.3229,-0.76455,-0.3142,0.073809,-0.083202,0.94963,-0.32841,-0.021479,1.029,0.5416,-0.38272,-0.10305,0.63375,0.53072,-0.012814,0.54038,0.723,-0.39469,-0.12607,0.48039,0.0015318,0.11711,0.67095,-0.31132
4.3631,4.863,4.744,4.7661,5.1073,5.1723,5.6775,6.5381,6.8613,6.4795,5.411,4.672,3.9984,3.6389,3.4171,4.0847,4.5793,4.8539,5.2908,6.9938,6.9625,6.0221,5.6647,5.4068,4.3934,5.2069,5.1026,5.1049,6.422,6.4779,5.6394,4.4202,3.6742,4.0519,4.1709,4.7181,6.0437,5.5893,4.0968,3.8455,3.8991,3.7644,5.6121,6.02,4.8578,4.1387,4.1769,4.1693,6.0507,5.8406,5.0002,5.1944,4.8721,6.5673,6.2053,4.6178,4.6383,5.4002,5.7277,4.837,4.3675,5.2593,5.6944,4.4012,4.4204,5.201,5.2411,4.6361,4.8766,5.4969,4.4071,4.1855,5.0931,4.0924,3.8093,-0.14629,0.0051928,-0.22546,-0.22546,-0.010693,-0.0022044,-0.063753,-0.078405,0.031731,0.039337,0.12641,0.10356,0.07376,0.079025,0.082197,0.070319,0.045469,0.033999,0.017066,-0.024141,0.14389,0.10806,0.055019,0.015218,0.068438,-0.040779,-0.63852,-0.39507,-0.1321,-0.016269,0.13224,0.034766,0.021373,0.094483,0.16351,-0.65181,-0.44163,-0.34737,-0.74548,-0.85983,-0.82498,-0.58737,-0.41211,-0.19477,0.082359,-0.2752,-0.35212,-0.44408,-0.315,0.072537,0.09251,-0.31884,-0.67011,-0.37678,-0.022726,-0.094617,-0.1246,-0.32704,-0.088798,0.1868,-0.18251,-0.68453,-0.37113,0.050635,-0.19989,-0.32918,0.050527,-0.1278,-0.6592,-0.36211,0.033592,-0.36308,-0.18274,0.29707,-0.5858,-1.7669,-1.6055,-1.4334,-1.4334,-0.91542,-0.64632,-0.26132,-0.14405,0.07508,0.10067,0.46485,1.1568,2.116,2.6443,3.1208,1.9052,1.1623,1.0602,0.68365,0.035958,-0.12489,-0.40071,-1.292,-1.3032,-1.3818,-2.8353,-3.1913,-0.54226,-0.10415,0.014483,0.21861,0.74005,1.5704,0.5656,-0.11744,0.2273,0.018531,0.045363,-0.38888,-0.20844,-0.18619,0.77734,0.14886,-0.10531,-0.35617,0.034743,0.10888,1.123,0.12904,-0.22375,-1.2839,-1.9762,0.049383,-0.14159,-0.1295,-0.0094391,-0.97832,-0.026472,0.060657,-0.69104,-0.44611,-0.38551,-0.33208,-0.34553,-1.3121,-0.19075,-0.18961,-1.0275,-0.28941,-0.31436,-0.41302,-0.38428,-0.23996,0.029954,0.2478
3.3333,4.0654,3.8019,3.824,4.6389,4.847,5.4831,6.3876,6.9306,6.5692,5.7699,5.354,5.1302,5.04,5.0597,5.1076,5.2059,5.4181,5.6496,6.9876,7.044,5.9298,5.0738,4.7703,3.7709,3.7485,2.8684,4.4387,6.2378,6.4689,5.881,4.825,4.4807,4.4292,4.2757,4.18,5.6113,5.2646,3.1569,2.8815,2.981,3.5657,5.2744,5.7726,4.7621,3.8808,3.8792,4.2867,5.8002,5.8013,4.4508,3.8875,4.2267,6.1198,6.1178,4.5185,4.0245,5.0599,5.6692,4.6783,3.962,4.382,5.1572,4.2791,3.5644,4.7764,5.1968,3.9945,4.0727,4.9776,4.2342,3.6303,4.7904,4.4044,3.3474,-0.22564,-0.18749,-0.26527,-0.26527,-0.1283,-0.076349,-0.070414,-0.068499,0.058337,0.069579,0.20858,0.1918,0.24368,0.19245,0.063088,-0.33162,-0.35961,-0.30614,-0.24839,-0.12205,0.057192,0.037807,-0.12552,-0.14807,0.32215,-0.18274,-0.094797,-0.16868,-0.22247,-0.10342,0.055483,0.17153,0.37605,0.070236,-0.093686,-0.37115,-0.71785,-0.29113,0.057633,0.14432,0.095211,0.15117,-0.53517,-0.44972,-0.04876,0.068582,-0.068984,-0.10719,-0.33093,-0.15771,-0.25971,-0.51633,-0.05689,-0.47844,-0.18018,0.062732,-0.034931,-0.56363,-0.13491,0.017769,-0.20064,-0.62462,-0.55664,-0.29899,-0.33468,-0.42623,-0.17182,-0.32709,-0.46319,-0.40542,0.13302,-0.13411,-0.40993,0.063524,0.0035785,1.6082,1.2201,1.3537,1.3537,0.68021,0.49803,0.248,0.16387,-0.021866,-0.040189,-0.30052,-0.98034,-1.7762,-2.4174,-3.159,-2.7091,-1.9724,-1.7405,-1.2146,-0.23178,-0.048514,0.2602,0.93093,0.97667,1.8892,2.5513,4.2788,0.99504,-0.076598,-0.18878,-0.37212,-0.46652,-0.86103,-0.61409,-0.39696,0.33402,-0.57096,0.067114,1.9951,2.2167,2.0266,0.69974,-0.39499,-0.40458,0.093937,0.65283,0.45739,-0.44924,-0.1609,-0.23673,0.57943,1.5812,1.1771,-0.061735,-0.1854,0.32414,1.1577,-0.4467,-0.15287,0.35297,0.40984,0.50533,-0.038927,-0.35373,1.0425,-0.0033456,-0.25507,0.6289,0.68143,0.22773,0.61188,0.84221,-0.21443,-0.49704,0.93096
3.9118,4.488,4.2135,4.2356,4.8507,5.0196,5.5367,6.4011,6.978,6.6187,5.8282,5.0556,4.4857,4.0238,3.5433,3.4214,3.8601,4.2417,4.794,6.7497,7.0769,6.0978,5.4137,5.1106,5.0377,4.8414,4.913,4.7675,5.9771,6.2711,5.7504,4.7633,4.4263,4.1924,3.9836,3.9758,4.608,5.0071,4.2121,4.1341,4.0895,4.0667,4.5417,5.1206,4.7603,4.2758,4.0389,3.9549,5.3889,5.5252,4.4808,4.1618,4.7583,5.6104,5.8449,4.7433,4.5684,4.2729,5.4578,4.8726,3.9662,4.01,4.5811,3.8032,3.751,4.3485,4.8975,3.9819,3.9502,4.686,4.6732,3.9173,4.2732,4.2194,3.8164,0.14688,0.11517,0.026512,0.026512,0.0054593,0.020406,-0.037358,-0.056996,0.044049,0.051519,0.1065,-0.052404,-0.12084,-0.16592,-0.21437,-0.26843,-0.30327,-0.27344,-0.31588,-0.27188,-0.052615,0.0095192,0.020535,-0.026913,0.36174,0.32513,0.78371,0.014431,-0.60917,-0.22593,-0.10843,-0.3859,-0.42225,-0.56585,-0.30794,-0.41323,-0.78969,-0.28941,0.28001,0.30768,0.19334,-0.0063645,-0.7422,-0.70153,-0.20533,-0.20593,-0.084358,-0.34786,-0.62089,-0.41598,-0.2891,-0.24915,-0.29248,-0.79944,-0.31242,0.044862,-0.01241,-0.56344,-0.40042,0.022573,-0.5296,-0.54627,-0.55608,-0.15027,-0.25109,-0.77703,-0.58747,-0.11559,-0.37478,-0.2992,0.25235,-0.2164,-0.67396,-0.40183,0.045888,-0.86322,-0.61481,-0.77017,-0.77017,-0.4127,-0.30452,-0.18188,-0.14086,-0.0067112,0.0040686,0.096351,0.49193,1.0471,1.7007,2.6041,2.8355,2.0851,1.8059,1.0796,-0.067873,-0.1711,-0.31677,-0.63882,-0.73435,-1.81,-1.5356,-2.5217,-0.62883,-0.69679,-0.056251,0.044302,-0.64835,-0.73558,-0.65808,-0.031546,-0.41819,0.42728,-0.063674,-1.5504,-1.89,-1.8303,-1.0148,-0.019079,-0.099045,-0.40708,-1.2019,-0.48814,-0.032095,-0.41902,-0.27982,-0.63819,-1.0468,-1.6482,-0.58025,-0.079076,-0.35988,-1.1126,0.44708,-0.37815,-0.34337,-1.0678,-0.34864,0.040036,0.65117,-0.87536,-0.69826,-0.57622,-0.2059,-0.50463,-0.015281,-0.37323,-1.0068,-0.31363,-0.43367,-0.84634
3.6271,4.2958,3.8549,3.877,4.6498,4.8878,5.4084,6.2736,7.0187,6.6722,5.9829,5.2492,4.8885,4.7082,4.6309,4.5707,4.5993,4.8712,5.0179,6.4439,6.9387,5.9489,5.1148,4.7165,4.4944,4.3987,4.4358,4.4676,5.0195,6.017,5.6641,4.0532,3.6362,3.2975,3.6599,3.3535,4.032,4.6858,3.7169,3.4968,3.3677,3.553,3.79,4.3695,4.3514,3.469,3.7105,3.591,4.5585,4.9693,3.8726,3.3892,3.6417,4.5209,5.493,4.6082,3.9997,3.933,4.8684,4.7234,2.9028,3.2894,4.045,3.9786,3.0622,3.2223,4.0219,3.7633,3.3231,4.3792,4.7389,3.1975,3.4424,3.6008,3.4391,-0.024988,-0.050853,-0.16365,-0.16365,-0.048609,-0.058044,-0.087481,-0.10058,0.0032626,0.0061096,0.028864,-0.041958,0.068075,0.21405,0.42657,0.48547,0.28708,0.14658,0.021622,-0.42463,-0.17788,-0.22615,-0.46234,-0.44568,-0.67345,-0.49231,-0.56349,-0.52068,-0.53232,-0.19776,-0.097859,-0.34129,-0.75989,-0.54505,-0.37952,-0.31052,-0.43896,-0.44683,-1.0404,-1.0532,-0.82737,-0.67239,-0.64519,-0.43433,-0.29777,-0.78056,-0.65735,-0.44482,-0.59715,-0.51586,-0.47852,-0.70825,-0.64795,-0.84915,-0.42905,-0.32486,-0.6924,-0.52009,-0.60666,-0.28617,-0.80494,-0.44167,-0.58118,-0.31236,-0.83135,-0.7958,-0.87207,-0.42065,-0.28881,-0.44742,-0.24475,-0.56388,-0.65867,-0.57053,-0.54531,0.51949,0.28276,0.38984,0.38984,0.30456,0.14762,0.081637,0.053696,-0.074861,-0.094887,-0.25162,-0.47103,-0.66931,-0.94076,-1.3222,-1.3277,-0.90439,-0.96588,-0.40458,-0.23763,-0.079432,-0.15457,-0.32692,-0.10318,-0.26036,-0.099259,-0.17267,-0.44139,0.85048,0.11259,-0.023169,0.73758,0.060307,0.69968,-0.11162,0.62363,0.27418,-0.25116,-1.0905,-0.83172,-0.21111,-0.31724,0.21311,0.63344,0.22221,0.052616,-0.65785,-0.16182,0.46651,0.080071,0.25933,0.12865,0.93731,0.48082,-0.15419,-0.37956,-0.24737,-0.36038,-0.034339,-0.27411,0.51709,0.55785,-0.090222,-0.97536,-0.28516,0.66072,0.0070224,-0.40422,0.67659,-0.28117,-0.62097,0.31183,0.34421,0.09626,-0.33605
3.8618,4.3863,3.8862,3.9082,4.7535,4.9035,5.3617,6.1999,6.9845,6.6309,5.8859,4.9717,4.6219,4.4519,4.3964,4.3924,4.4342,4.5348,4.8372,5.9004,6.7211,5.6455,4.489,4.2192,3.6908,3.8568,3.786,3.7262,4.9124,5.8755,5.5547,4.0807,2.9065,3.1023,3.2245,3.3548,3.7301,4.1134,2.1312,2.0278,2.4347,2.722,3.2514,4.2519,4.1648,2.7147,2.7242,3.0652,4.1946,4.4935,3.5237,2.7453,3.4624,3.9121,4.9868,4.0936,3.1836,3.2327,4.2445,4.3002,2.3564,3.1267,3.4187,3.1785,2.0883,2.7569,3.1534,3.1406,3.3726,3.7912,4.1837,2.7895,2.9559,3.0784,2.7258,0.043999,-0.077771,0.048344,0.048344,-0.079647,-0.052906,-0.075599,-0.085691,-0.073036,-0.079058,-0.12719,-0.2241,-0.14817,-0.28823,-0.42307,-0.51266,-0.61,-0.52488,-0.46581,-0.49405,-0.27509,-0.26505,-0.33699,-0.26635,-0.2943,-0.36791,-0.45186,-0.59795,-0.37231,-0.20368,-0.14,0.19559,0.18828,0.26848,0.015035,0.16342,-0.20113,-0.29432,0.0037863,0.039037,0.0034302,-0.060742,-0.14036,0.033503,-0.081207,-0.025607,-0.17423,-0.060733,-0.34217,-0.27373,-0.21985,-0.16546,-0.076835,-0.25605,-0.34942,-0.42686,-0.42395,-0.42009,-0.29716,-0.22004,0.31663,0.040564,-0.34446,-0.27394,0.092501,-0.056468,-0.13565,-0.14722,-0.038801,-0.44011,-0.49983,0.036787,-0.14798,-0.097196,-0.074111,-0.38152,-0.33659,0.034161,0.034161,-0.36664,-0.13734,-0.057871,-0.02392,-0.077737,-0.075449,-0.060496,0.10675,0.23682,-0.063805,-0.37706,-0.66859,-0.88976,-0.37705,-0.57029,0.098797,-0.11499,0.076765,0.57762,0.46184,1.0187,0.34806,0.39594,0.28684,-0.53045,-0.12442,-0.06112,0.33618,1.836,0.92738,0.90074,0.32426,0.20148,0.55619,3.1789,3.0161,1.8727,1.5405,0.79655,0.30222,0.21091,1.4573,1.6241,0.92999,0.04344,0.40418,0.25801,0.95692,0.20492,0.70538,0.31345,0.17555,0.78427,0.56038,0.65335,0.40637,1.726,0.40661,0.56365,1.0522,2.1329,0.81795,1.4658,0.95109,-0.17658,0.2958,0.11082,0.88951,0.67716,0.85041,1.2784
3.7151,4.1402,3.9516,3.9737,4.4906,4.782,5.2572,6.1022,6.8726,6.5141,5.7285,4.801,4.5921,4.1318,3.7848,3.5454,3.3793,3.8214,4.0863,5.4558,6.3886,5.4188,4.4409,4.1838,3.9058,3.6629,3.5321,3.2717,4.2749,5.6096,5.3841,4.4444,4.0128,3.8344,3.6899,3.6804,3.6297,4.0972,3.7245,3.5749,3.3745,3.4315,3.5093,4.4365,4.189,3.4177,3.3621,3.4695,3.8741,4.4219,3.4329,3.0583,3.4881,4.0088,4.7941,3.7545,3.1518,3.0928,4.274,4.2834,3.536,3.3706,3.3561,3.4307,3.2472,3.1094,3.7506,3.4689,3.2455,3.499,3.7392,3.2711,3.1465,3.4064,3.2909,-0.30317,-0.26319,-0.14402,-0.14402,-0.19039,-0.17624,-0.099057,-0.069239,-0.11306,-0.12305,-0.21941,-0.018355,-0.0026233,-0.046101,-0.095258,-0.15411,-0.20576,-0.18829,-0.19313,-0.2244,-0.39727,-0.39228,-0.26074,-0.21505,-0.11236,-0.10487,0.015411,0.11212,-0.073341,-0.1721,-0.21223,-0.33494,0.058283,-0.09451,-0.2764,-0.14329,0.13035,0.034295,0.38372,0.34811,0.04264,-0.16573,-0.35087,-0.31531,-0.3797,-0.0047059,0.049778,-0.10545,-0.17204,-0.28045,-0.39428,-0.13945,-0.55501,-0.1044,-0.2844,-0.36215,-0.11359,-0.062694,-0.006578,-0.23884,0.23723,-0.14855,-0.069065,-0.11459,0.18582,-0.022321,-0.056698,-0.20854,-0.36796,-0.25629,-0.51954,-0.18153,-0.16074,-0.19273,-0.13662,-0.31283,-0.034247,-0.41888,-0.41888,0.14516,-0.10932,0.010955,0.056824,-0.0023093,-0.012538,-0.12394,0.30474,0.054278,0.54807,1.0327,1.3857,1.6982,1.0502,1.1157,0.44049,-0.12936,-0.33122,-0.42514,-0.35923,-0.65477,0.17803,0.53861,1.1333,1.1284,0.18758,-0.083336,-1.3972,-2.096,-1.6534,-1.4836,-0.93767,0.46149,0.10105,-2.4191,-2.398,-1.7943,-1.7505,-1.2176,-0.99984,-0.80791,-1.4155,-1.1761,-1.0194,0.29682,-0.41762,-0.60688,-0.9049,-1.1613,-0.40208,-0.18341,-0.046122,-0.16356,0.15441,-0.072184,-0.44398,-1.8848,-0.78484,-0.012859,-0.73352,-1.9462,-0.74966,-1.3079,-1.0737,-0.48174,0.071832,-0.15023,-1.3261,-0.70268,-1.0415,-1.4035
3.2555,3.8599,3.5981,3.6202,4.3727,4.5511,5.1636,6.0614,6.7584,6.3848,5.4471,4.935,4.6166,4.3597,4.2059,4.0842,4.0227,4.1582,4.451,5.4516,5.9266,4.8609,3.9675,3.7892,3.466,3.6471,3.8168,3.9504,4.7657,5.5313,5.1302,3.4108,3.0231,2.9132,2.6717,3.0682,3.9908,4.182,2.8986,2.724,2.52,2.3905,2.5496,3.6213,3.4053,2.7053,2.8238,2.8543,3.8505,3.9326,2.7352,2.4664,2.3524,3.7033,4.418,3.3693,2.9564,3.1073,4.2314,3.8225,2.8308,2.8296,3.2806,2.9493,2.46,2.7123,3.04,2.7235,2.6367,3.2786,3.1446,2.4265,2.6344,2.6929,2.4526,-0.097624,-0.068907,0.039425,0.039425,0.12903,-0.025937,-0.049202,-0.059021,-0.084682,-0.083674,-0.07409,-0.0092466,-0.17638,-0.062116,0.064267,0.15907,0.22416,0.034842,0.034196,-0.3493,-0.35791,-0.40809,-0.40551,-0.38937,-0.43929,-0.2233,-0.052015,0.19706,0.24591,-0.052106,-0.11086,-0.30622,-0.46572,-0.91382,-1.0677,-0.7775,-0.0036053,0.038764,-0.37064,-0.45565,-0.53575,-0.50429,-0.20782,-0.51364,-0.79429,-0.9964,-0.98608,-0.9922,-0.22927,-0.47182,-0.62478,-0.51056,-0.66042,-0.26867,-0.2642,-0.25519,-0.46342,-0.20045,-0.064966,-0.28391,-0.77349,-0.35205,-0.096902,-0.26162,-0.74565,-0.36716,-0.44857,-0.76719,-0.44907,-0.36957,-0.62428,-0.83787,-0.63277,-0.94774,-0.82871,0.72393,0.42281,0.78576,0.78576,0.49367,0.40992,0.088754,-0.036388,0.059065,0.091294,0.41459,-0.28652,-0.40178,-0.5801,-0.71363,-0.75933,-0.83842,-0.60396,-0.66103,-0.69027,0.20807,0.29959,0.13562,0.010581,0.00090198,-0.41491,-0.67346,-0.96342,-0.48987,0.052417,0.28607,1.4547,1.048,0.014732,-0.099087,-0.33076,-0.72941,-0.09211,0.91037,0.79047,0.63752,1.0734,1.5037,0.60319,-0.021259,-0.5679,-0.89561,-0.75407,-0.41128,0.034871,0.14589,0.16268,0.95042,0.07355,0.22381,0.26004,-0.5361,-0.42992,-0.044591,0.35384,-0.1366,0.37785,-0.042816,0.43948,0.083251,0.059993,0.52418,-0.04357,0.31952,-0.29839,-0.059251,0.013454,-0.24139,-0.46853,0.019295
3.5198,4.0024,4.0304,4.0525,4.7486,4.7301,5.1588,5.9842,6.7033,6.3468,5.5803,4.7825,4.2394,4.0075,3.9133,3.8636,3.8277,3.8911,4.1546,4.7572,5.6727,4.6026,3.6298,3.4051,3.0272,3.2163,3.4281,3.6658,4.7667,5.5054,5.1624,3.8319,3.0813,2.0068,1.5544,2.1253,3.6225,4.1747,2.9832,2.6636,2.303,2.4229,3.0936,3.4093,2.6004,1.425,1.3899,1.4851,3.4156,3.4782,2.1833,2.0371,2.1672,3.4714,4.2657,3.2441,2.225,2.6919,4.1441,3.7155,1.989,2.6665,3.1623,2.9075,1.7559,2.3751,2.8535,1.9345,2.3474,2.7598,2.4907,1.5953,1.8809,1.5109,1.6335,0.11361,-0.17168,0.23299,0.23299,0.0069778,0.039363,-0.068363,-0.1156,-0.032106,-0.01259,0.14729,-0.034414,-0.13087,-0.14918,-0.16289,-0.20572,-0.37613,-0.4452,-0.78413,-0.75263,-0.18422,0.043509,0.16665,0.060171,0.20208,-0.066153,-0.18683,-0.52315,-0.41894,-0.065904,0.058649,0.52423,0.39344,0.41628,0.46949,0.20827,-0.21692,-0.14737,0.38768,0.36998,0.39714,0.44984,0.33812,-0.029115,0.097051,0.29302,0.21722,0.19298,-0.24072,-0.24215,0.18985,0.31918,0.38347,-0.15225,-0.17467,0.011387,-0.03772,-0.051213,-0.2447,0.064262,-0.0049921,-0.00035463,-0.046064,0.20482,0.33477,0.2223,0.070445,0.1347,0.1501,-0.093306,-0.05528,0.25742,0.17413,0.15143,0.28649,-0.30145,-0.62837,-0.39862,-0.39862,-0.73777,-0.27932,-0.12707,-0.076774,0.046088,0.050874,0.028179,0.23619,0.49279,0.40596,0.25932,0.029745,-0.36216,-0.35612,-0.97561,-0.1164,0.1393,0.60362,1.0087,0.8885,1.2818,0.7292,0.40382,-0.477,-0.83985,-0.080012,0.052955,0.20623,0.67032,2.6455,3.1736,2.3023,0.30277,-0.28017,0.60626,0.86078,1.2283,0.83485,-0.41177,0.36585,1.8039,3.1467,3.3022,3.1244,0.38839,0.42448,1.4834,1.4968,1.1374,0.15928,-0.044743,0.27311,1.3875,0.72839,-0.31488,0.34251,1.6736,0.32554,0.14449,0.4934,2.0776,1.1189,0.51385,1.8473,0.87882,0.85093,1.1972,2.1771,1.8552,2.6669,2.2111
3.4827,3.5166,4.0641,4.0862,4.3867,4.6298,5.0269,5.8302,6.6942,6.3596,5.7417,4.8661,4.3549,4.0613,3.8801,3.6727,3.2704,3.2678,2.8827,3.9463,5.5582,4.9479,4.3008,3.9095,3.8702,3.5148,3.4431,2.9041,3.9278,5.3995,5.2475,4.4593,3.8099,3.7458,3.6107,3.4848,3.557,3.8872,3.674,3.464,3.3143,3.2902,3.2259,3.5631,3.5995,3.2913,3.2582,3.2403,3.369,3.4483,3.1149,3.1047,3.1194,3.3988,4.0687,3.392,2.881,3.0049,3.742,3.9511,2.8208,2.8289,3.1885,3.359,3.1295,3.1568,3.1808,2.9929,2.9369,3.092,3.034,2.9413,2.9827,2.9958,3.0255,0.042433,-0.1816,-0.057775,-0.057775,-0.19359,-0.10425,-0.14706,-0.17602,-0.015329,0.0073574,0.13662,-0.03087,0.072031,0.067334,0.040594,0.00019555,-0.01493,0.030715,-0.061329,-0.14358,-0.082164,0.24367,0.32591,0.19327,0.26089,0.15587,0.049134,0.036156,-0.26352,-0.074874,0.051708,0.27923,0.048886,0.44791,0.69817,0.40888,-0.20518,-0.057763,0.19911,-0.18236,0.03532,0.046065,-0.13368,-0.20994,0.24784,0.4486,0.45725,0.37083,-0.52331,-0.41513,0.057651,0.024337,0.0064419,-0.48623,-0.37538,0.015849,0.14601,0.032005,-0.41034,0.039484,0.34643,-0.059404,-0.30652,0.10972,0.31371,-0.07569,-0.37875,0.25501,-0.04127,-0.055534,-0.10982,0.19272,0.19176,0.3393,0.29315,0.15909,0.60853,-0.18292,-0.18292,0.33662,-0.0079183,-0.030324,-0.044067,-0.012534,-0.010979,-0.049519,-0.2291,-0.086986,0.027077,0.14765,0.38208,1.0846,1.308,2.4212,1.3345,0.06481,-0.20329,-0.69017,-0.62231,-1.1642,-0.28515,0.068116,1.5956,1.1507,0.062072,-0.066836,-0.69623,-1.3594,-2.5822,-2.7162,-1.9011,-0.27929,0.45939,-0.9834,-1.9655,-1.9519,-1.6424,-0.53184,-0.7275,-1.5024,-2.8356,-2.8221,-2.7687,-0.95357,-0.77043,-1.7478,-2.0865,-1.8914,-0.82724,-0.35667,-0.26419,-1.02,-0.56195,-0.016409,-0.39206,-0.97074,-0.44364,-0.66541,-0.68361,-2.1197,-1.7149,-1.4122,-1.6067,-1.2616,-0.77538,-1.3063,-2.3065,-1.82,-2.2911,-2.1978
3.6047,3.6392,3.9149,3.937,4.3614,4.5216,4.8647,5.6322,6.6726,6.3615,5.8536,4.7207,4.3834,4.1422,3.9945,3.864,3.7978,3.9525,4.032,4.47,5.5084,5.0899,4.2817,3.7916,3.549,3.5281,3.5263,3.7381,4.2397,5.3557,5.2658,4.3904,3.1791,2.9026,2.9508,2.9431,3.2121,4.0592,3.3814,2.2989,2.3737,2.515,2.8263,2.9894,3.0961,2.3222,2.3044,2.2268,2.3689,2.648,2.2986,2.0858,2.1801,2.499,3.515,3.2758,2.517,2.756,3.3234,3.7945,2.6819,2.5477,2.5492,3.1269,2.3834,2.2237,2.096,2.4445,2.2648,2.6488,2.271,1.9808,2.2644,2.1895,2.2198,-0.030727,0.31737,-0.50973,-0.50973,0.039198,-0.10556,-0.13741,-0.15675,-0.044024,-0.031278,0.029934,0.074403,0.080471,0.096573,0.16426,0.2381,0.35205,0.48211,0.65016,0.26579,0.020834,0.011382,-0.21832,-0.64075,-0.78726,-0.60697,-0.4876,-0.046815,-0.18823,-0.061896,0.022359,3.6455e-05,0.032652,-0.13491,-0.12647,-0.073916,-0.036104,0.088348,0.014607,-0.19109,-0.18212,-0.1876,-0.18699,-0.24124,-0.19071,-0.12555,-0.17771,-0.16883,-0.21817,-0.32509,-0.20283,-0.17318,-0.2066,-0.28562,-0.16225,0.1443,0.072523,-0.02456,-0.25496,-0.13024,-0.21587,-0.11186,-0.27812,-0.22343,-0.22693,-0.27438,-0.20245,-0.058581,-0.15026,-0.25782,-0.22382,-0.19227,-0.18667,-0.18171,-0.18531,-0.30541,0.38942,-0.72099,-0.72099,0.12896,0.0052973,0.049625,0.082619,-0.044856,-0.066292,-0.16386,0.43964,0.10387,0.0314,0.099688,0.093718,-0.35061,-0.40517,-0.99824,-0.51578,0.14119,-0.26129,-0.3983,-1.0457,-0.93209,-1.2405,-1.1416,-1.7616,-1.0001,-0.036118,0.0081388,0.13785,1.327,1.4165,1.0669,0.93546,0.61745,-0.16717,0.6144,1.948,1.517,1.1751,0.42522,0.6649,0.62526,1.6873,1.5522,1.6894,1.5638,0.9505,1.2268,1.6915,1.4653,1.2285,0.78292,0.52108,0.87308,0.44882,0.32717,0.052621,-0.15386,0.33873,0.72222,0.017312,1.0384,1.3175,1.7648,0.97952,1.0436,0.37082,1.0783,1.5366,1.0631,1.2491,1.2409
3.4213,4.1513,3.0447,3.0667,4.4651,4.4187,4.7521,5.5167,6.6061,6.297,5.8016,5.0149,4.5158,4.2545,4.2086,4.1489,3.9745,4.2321,4.183,4.4779,5.5998,4.9707,3.8642,2.628,2.2957,2.3008,2.4679,2.8105,3.5514,5.2757,5.2922,4.4593,3.8752,3.476,3.3578,3.3369,3.4848,4.0639,3.7032,3.0818,2.9501,2.915,2.8519,3.0806,3.218,3.0402,2.9028,2.9026,2.9327,2.7981,2.7092,2.7584,2.7062,2.8276,3.7442,3.6806,3.026,2.9558,3.232,3.6906,2.3891,2.6052,2.6322,2.9121,2.6756,2.6081,2.7759,2.8757,2.6364,2.5764,2.5864,2.5568,2.6093,2.6324,2.6549,0.059136,0.19076,-0.049659,-0.049659,0.056057,-0.060322,-0.12049,-0.17614,-0.044832,-0.022072,0.053448,0.14802,0.10592,0.092347,0.056176,0.016218,0.010953,-0.081001,-0.34216,-0.46757,-0.0049889,0.054759,0.014852,-0.080025,0.18005,0.052514,-0.10441,-0.098209,-0.37264,-0.13216,0.015035,0.0072016,0.051418,-0.064428,-0.2971,-0.25107,-0.2244,-0.15472,0.17584,0.14287,-0.22571,-0.67481,-0.46415,-0.25254,-0.12856,-0.37116,-0.47275,-0.53132,-0.23088,-0.24604,-0.54456,-0.38042,-0.1804,0.15826,-0.12864,0.10698,-0.17225,-0.34619,-0.45166,-0.16931,0.022178,-0.25051,-0.28008,-0.18501,-0.03138,-0.19198,-0.17002,0.094236,-0.098455,-0.25315,-0.14149,-0.12885,-0.43008,-0.63051,-0.65623,0.48513,-0.64264,1.6411,1.6411,-0.095237,0.085188,-0.015788,-0.1214,0.04324,0.084703,0.21089,-0.2924,-0.052967,-0.039851,-0.31586,-0.53747,-0.33157,-0.72104,-0.98639,-0.95093,-0.19283,0.34805,0.86466,2.1672,2.8667,2.5595,1.908,1.6588,0.63132,-0.1044,-0.022788,-0.12352,-1.2894,-1.2756,-1.4082,-1.2898,-0.99405,-0.31898,-0.29194,-1.2801,-1.6042,-2.1495,-0.97954,-0.6875,-0.50096,-2.1785,-2.1423,-2.4144,-1.5893,-0.7924,-1.9103,-2.1059,-1.4129,-0.3407,-0.7157,-0.59571,-1.3626,-1.0921,-0.72057,-0.13078,0.62996,-0.61603,-0.72615,0.059533,-0.64732,-1.1527,-1.7,-0.67388,-0.93999,-0.36149,-0.91366,-1.4097,-1.5499,-2.1467,-2.1827
3.723,4.0208,3.8156,3.8377,4.4735,4.4009,4.6237,5.2799,6.5829,6.3173,5.9605,5.0168,4.5953,4.3269,4.1069,3.8964,3.8197,3.7905,3.3477,3.5349,5.4984,5.1995,4.3114,3.6316,3.9091,3.6331,3.3175,3.5417,3.4944,5.0914,5.2959,4.4048,3.2819,2.7738,2.3566,2.441,2.7633,3.7497,3.7331,2.5846,1.9223,1.1654,1.898,2.4843,2.839,1.5798,1.3589,1.1641,1.9072,2.1559,1.2095,1.325,1.8193,2.8155,3.2577,3.4898,2.1725,2.0636,2.4201,3.4559,2.7263,2.0466,1.9891,2.7569,2.3206,1.8398,1.7559,2.633,2.0679,2.1425,1.9881,1.7231,1.4043,0.9285,0.90733,-0.016733,-0.10238,0.35587,0.35587,-0.087611,0.048374,-0.065938,-0.24182,-0.057649,0.012179,0.17101,-0.14764,-0.069682,-0.073364,-0.1524,-0.20992,-0.17622,-0.47594,-0.35881,-0.4811,-0.28888,0.20499,0.32574,0.56976,0.45366,0.55454,0.29281,0.21955,-0.11633,-0.52545,-0.026263,0.047488,-0.41698,-0.24954,-0.14131,-0.17007,-0.206,-0.29056,0.036225,-0.020002,-0.15904,-0.072914,-0.091933,-0.22989,-0.097682,-0.32095,-0.18082,-0.1702,-0.2518,-0.090322,-0.020092,-0.10142,-0.16073,-0.21798,-0.59851,-0.15734,0.016452,-0.1611,-0.28201,-0.35671,0.46366,0.04225,-0.074524,-0.18295,0.082128,-0.036745,-0.076514,-0.05566,-0.018445,-0.13804,-0.096969,0.0014666,-0.060346,-0.09328,-0.10941,-0.63687,0.056351,-0.83007,-0.83007,-0.1921,0.1322,0.1249,-0.0099675,-0.068874,-0.016201,0.024236,-0.29893,-0.29824,-0.29157,-0.10129,0.085189,-0.042782,-0.068836,0.95308,0.92385,-0.37495,-0.047575,-0.24287,-0.86759,-2.3195,-1.5555,-1.1135,-1.0233,-0.11869,-0.68218,-0.059807,0.20409,0.35263,0.90534,1.7198,1.4517,1.0309,0.047297,0.012711,0.95434,1.7375,3.3533,1.724,0.7328,0.56272,2.2789,2.7262,3.1366,1.5474,1.1038,2.9592,2.6639,1.4523,-0.41177,-0.22404,0.067067,1.74,1.4623,1.0599,-0.244,0.253,1.2015,1.1373,-0.055419,0.87434,1.4632,1.887,0.37409,1.1,0.59171,1.0027,1.6703,2.2894,3.2212,3.2764
3.3878,3.9466,3.7564,3.7785,4.2899,4.5154,4.6202,5.0331,6.4909,6.3214,6.1436,4.7197,4.3765,4.1077,3.9038,3.7291,3.6221,3.2802,3.4654,3.5157,5.0221,5.3807,4.5157,3.7675,3.203,3.4099,3.0536,3.2496,3.3187,4.2248,5.2397,4.5543,3.0413,2.9769,3.0752,2.9968,3.0728,3.4828,3.7757,3.0418,2.632,2.7691,2.668,2.6208,3.0227,2.3983,2.5412,2.5622,2.4291,2.6175,2.669,2.5555,2.3847,2.3916,2.5472,3.366,3.0589,2.6336,2.668,2.9772,3.3164,2.6897,2.4832,2.5462,2.8399,2.5346,2.6229,2.7644,2.5995,2.3003,2.3924,2.5597,2.4886,2.4458,2.4361,-0.023145,-0.056846,-0.023898,-0.023898,-0.095626,-0.080867,-0.050882,-0.018445,-0.10187,-0.087148,-0.054764,-0.43394,-0.23491,-0.2024,-0.16179,-0.12474,-0.12587,-0.090981,0.030857,0.22221,-0.29051,-0.11295,-0.221,-0.21301,-0.30793,-0.2245,-0.024503,-0.11328,-0.024365,-0.45923,-0.39442,-0.36115,-0.30544,-0.2094,-0.13406,-0.0036907,-0.14076,-0.53515,-0.43656,-0.23293,-0.018987,0.44908,0.16667,-0.14363,-0.31889,0.30748,0.27418,0.3478,0.11017,-0.1352,0.37144,0.20214,-0.23407,-0.12919,-0.25382,-0.39663,0.06173,-0.034302,-0.23978,-0.49401,-0.069958,-0.10012,-0.14836,-0.32287,-0.17485,0.12584,0.1013,-0.29021,0.045255,-0.037653,0.054802,0.047129,0.251,0.46315,0.48195,0.62404,0.034715,0.070547,0.070547,0.17607,-0.39069,-0.094783,0.45672,-0.019574,-0.18245,-0.47579,-0.27366,-0.032221,0.033502,0.082505,0.085184,0.14349,0.83876,-0.17374,0.48277,0.37167,-0.58831,-0.85062,-0.69795,0.79631,-0.0026302,0.47892,0.35759,0.30261,0.81462,-0.67651,-1.0214,-0.12955,-0.82506,-1.7053,-1.119,-0.90038,-0.53648,-0.95828,-1.3802,-1.4574,-2.3093,-1.2068,-0.56028,-1.0051,-1.0221,-1.8162,-2.1006,-0.82351,-1.1936,-2.1761,-2.0568,-1.599,0.58936,0.91342,-0.54564,-1.6495,-1.2087,-0.97542,-0.030599,-1.3202,-1.4863,-1.2849,-0.22441,-1.3883,-1.138,-1.5313,-0.8432,-0.97261,-0.39095,-0.69917,-1.579,-1.6667,-2.1083,-2.0936
3.6767,3.9071,3.7678,3.7899,4.2823,4.2392,4.5219,5.243,6.3792,6.143,5.8509,4.1489,4.1255,3.9221,3.7833,3.6469,3.568,3.6086,3.4094,3.9793,4.9174,4.9736,3.8694,3.2055,3.2932,3.1841,3.2685,3.3151,3.4457,4.1729,4.507,3.6825,2.6711,2.355,2.0884,2.4336,2.4818,2.6794,2.86,2.1188,1.8843,2.0636,2.2313,2.197,2.2012,2.1948,1.9073,1.8597,2.1275,1.8855,1.9524,1.7293,1.3512,2.5571,2.7501,2.6965,2.2959,1.995,1.9405,2.4679,2.5863,1.8464,1.6923,2.1111,1.9709,2.0914,1.9585,2.0526,2.1584,2.0672,2.0977,1.8173,1.9063,1.8548,1.8712,-0.16162,-0.31981,-0.21159,-0.21159,-0.23908,-0.25104,-0.015046,0.22162,-0.17637,-0.27747,-0.65123,-0.68999,-0.42386,-0.41716,-0.4553,-0.47269,-0.3146,-0.10352,-0.43686,0.13186,-0.12869,-0.64202,-0.79008,-0.68073,-0.49464,-0.71465,-0.20532,-0.26435,-0.084332,-0.014321,-0.61851,-0.78693,-0.15392,-0.39154,-0.41526,-0.43215,-0.14123,-0.43648,-0.65684,-0.5739,-0.47972,-0.5053,-0.46764,-0.34391,-0.5596,-0.48575,-0.46487,-0.50053,-0.25469,-0.42544,-0.50379,-0.49242,-0.42608,0.0061933,-0.081002,-0.6242,-0.67789,-0.54978,-0.18571,-0.4954,-0.6666,-0.46353,-0.3064,-0.36485,-0.73512,-0.45243,-0.53526,-0.64315,-0.51665,-0.22378,-0.3953,-0.61016,-0.54435,-0.47403,-0.4704,-0.901,-0.56064,-0.44593,-0.44593,-0.46298,0.05034,0.16645,0.023408,-0.12943,-0.1982,-0.71713,-0.23844,-0.34568,-0.46303,-0.66952,-0.7811,-0.52096,-0.86383,-0.76168,-0.66345,-0.048029,-0.46983,-0.28753,-0.23749,-1.1697,-0.97767,-0.84056,-0.65974,-0.42254,0.0752,0.22833,0.16983,0.43259,0.46078,1.1429,0.26207,0.89946,0.73383,0.51772,0.69824,0.53594,0.40051,-0.061852,0.15972,0.5237,-0.56438,0.33808,0.40397,0.093793,0.6131,0.42565,0.66769,1.2149,-0.3186,-0.56779,0.090506,0.17023,0.1777,1.0836,0.027819,0.12695,0.75948,0.96887,0.14045,0.26778,-0.018542,0.25823,0.13731,-0.1512,0.018683,-0.20103,0.26444,0.076032,0.23393,0.18891
3.0645,3.3069,3.3332,3.3553,3.8117,4.0133,4.5901,5.4763,6.1381,5.7665,4.8411,3.3397,3.5288,3.2734,2.9932,2.7837,2.9929,3.0731,2.5917,3.7794,4.7647,4.0966,2.9355,2.4061,2.2137,1.9806,2.6429,2.7209,3.1501,4.1962,4.0027,2.9804,2.7334,2.1938,2.2446,2.1325,2.7903,2.6099,2.462,1.894,1.6725,1.7585,1.7328,1.933,1.9035,1.4268,1.6114,1.5612,1.9197,1.7666,1.6614,1.5707,1.5326,2.404,2.3852,2.1176,1.7031,1.534,2.2966,1.9864,1.9832,1.7626,1.8704,1.8165,1.3697,1.6297,1.5524,1.4781,1.5662,1.8527,1.6019,1.3394,1.3999,1.4977,1.4953,-0.28567,-0.07929,-0.10227,-0.10227,-0.13493,-0.11187,0.034345,0.11751,-0.64773,-0.7206,-1.1121,-0.8261,-0.51978,-0.56611,-0.54586,-0.54014,-0.77134,-0.94017,-0.51932,-0.36662,-0.51077,-0.81223,-0.68335,-0.37989,-1.0034,-0.57222,-0.30288,-0.048579,0.069641,-0.43667,-0.98602,-0.61339,-0.34373,-0.47138,-0.27727,-0.37373,-0.12973,-0.48069,-0.8367,-0.71728,-0.72486,-0.43733,-0.48173,-0.57522,-0.79312,-0.91032,-0.58785,-0.39221,-0.39557,-0.4158,-0.57353,-0.49809,-0.048037,-0.099039,-0.22021,-0.75439,-0.64843,-0.28182,-0.097453,-0.47399,-0.54936,-0.31931,-0.35946,-0.41346,-0.67746,-0.50217,-0.33046,-0.62666,-0.56449,-0.52748,-0.6128,-0.45393,-0.59309,-0.70205,-0.62951,0.6529,1.0417,0.66457,0.66457,0.67128,0.22799,-0.067673,-0.23163,-0.81327,-0.68806,-0.20464,-0.033775,0.15384,0.16512,0.4884,0.64621,-0.39252,-0.80948,0.59675,-0.33351,-0.71612,0.12939,0.50099,0.83917,0.15212,1.2625,0.64545,1.0913,0.73049,-0.9199,-0.96335,0.17724,-0.81221,-0.62044,-0.86695,-0.14523,-0.87646,-0.82225,-0.87743,-0.98499,-1.0262,-0.26458,0.033665,-0.62234,-0.99074,-0.28475,-0.58403,-0.18733,-0.37555,-0.59382,-0.56512,-0.67903,-0.45886,0.10814,0.28937,-0.35088,-0.11131,0.35823,-0.90705,0.014985,0.10754,-0.47105,-1.075,-0.23766,-0.15247,-0.080945,0.15137,-0.10433,0.055506,-0.62607,-0.23397,0.048011,-0.17352,-0.68999,-0.50711
3.1053,3.7485,3.5632,3.5853,4.0124,4.0155,4.5906,5.478,5.0837,4.7018,3.6267,2.4967,3.0859,2.7899,2.6916,2.5666,2.0253,1.7282,2.3707,3.2461,3.8959,3.3491,2.5027,2.4458,1.2864,2.0396,2.6628,3.2179,3.5849,3.2996,2.535,2.4557,1.9836,1.4122,1.5339,1.6861,2.2223,1.718,1.1866,0.68421,0.43456,1.1889,1.2679,1.0466,0.61497,0.37413,0.73157,1.0753,1.3364,1.0539,0.80535,0.73309,1.2551,2.3591,2.3096,1.1877,0.99907,1.4313,1.7456,1.5199,1.4876,1.2078,0.97342,1.2842,0.61597,1.0871,1.2976,0.79926,1.0295,1.0122,0.87207,0.90947,0.72008,0.4507,0.61223,-0.075931,0.39653,0.46035,0.46035,-0.058001,-0.040748,-0.29895,-0.62004,-1.1861,-1.1128,-0.7567,0.028889,-0.091899,-0.24966,-0.38099,-0.31549,-0.31445,-0.22704,0.055564,-1.0778,-0.83908,-0.53546,-0.51618,-0.65073,-0.28343,0.097208,-0.15368,-0.18261,-0.30956,-0.92008,-0.64923,-0.3773,-0.65511,-0.52198,-0.66382,-0.46706,-0.49522,-0.64007,-1.225,-0.92044,-0.90192,-0.5697,-0.23783,-0.31542,-0.41976,-0.28167,-0.65208,-0.59319,-0.45383,-0.33686,-0.66816,-0.58079,-0.59532,-0.12414,-0.12577,-0.44748,-0.92225,-0.27187,-0.57997,-0.76931,-0.57724,-0.5887,-0.45524,-0.4288,-0.59949,-0.43858,-0.3685,-0.64072,-0.30959,-0.56971,-0.51073,-0.52562,-0.80387,-0.7313,-0.76659,-0.23343,-0.090036,0.46068,0.46068,-0.51743,-0.085739,-0.59892,-1.2435,-0.26342,-0.096307,0.91547,1.7438,0.70191,0.46778,-0.15867,-0.1969,1.3063,2.2357,0.55302,-1.0888,0.059491,0.42417,-0.16665,-1.3808,1.2879,0.076318,-0.34704,-1.3594,-1.4889,-0.046898,1.6369,0.29495,0.18944,0.51923,0.093836,-0.041424,0.14547,0.50347,0.10074,0.57867,0.67209,-0.00015125,0.45414,1.1419,1.7375,1.5421,0.45555,-0.21464,0.25904,0.75169,0.37586,0.51362,-0.6357,-0.15834,-0.10049,0.96469,-0.43632,-0.33834,-0.057985,-0.60562,-0.1633,-0.067717,0.88344,0.20699,0.30842,0.20813,-0.22743,0.076221,0.4543,0.5416,0.43812,-0.19139,-0.24802,0.6315,0.23294
2.9127,4.1,4.2539,4.276,3.6957,3.9318,3.9922,4.2362,3.766,3.5409,3.3277,3.3975,3.345,2.7741,2.2313,2.1527,2.364,2.6191,2.7028,1.6239,3.0865,3.0257,1.9032,1.1046,1.6469,2.175,2.3356,2.3557,2.5309,2.356,2.7042,2.2259,1.4232,1.1498,0.917,1.1984,1.7999,1.3297,0.011903,0.053104,-0.13131,0.61914,1.2571,1.3021,1.064,0.86349,0.30726,0.37478,1.0121,1.0929,0.32512,0.40911,0.34192,2.1557,2.1336,1.2226,-0.14134,0.99029,1.1367,0.44777,0.82873,0.58522,0.95991,0.95892,0.17068,0.75257,0.8154,0.19665,0.94701,0.7133,0.5804,0.28814,-0.2078,0.035152,-0.037891,-0.30468,-0.10352,0.093882,0.093882,-0.3475,-0.86657,-0.99043,-1.0053,-0.94943,-0.84416,-0.39099,-0.09575,-0.42635,-0.1468,-0.16158,-0.15915,0.19141,0.15675,-0.085843,-0.84205,-0.41546,-0.33284,-0.19706,-0.12416,0.14709,-0.0045595,-0.27622,-0.64816,-0.6911,-0.35888,0.051107,0.0098976,-0.12709,-0.023207,-0.31055,-0.48934,-0.3813,-0.10787,0.28708,0.43256,0.3825,0.0083328,0.12059,0.1916,0.37364,0.36519,0.18466,0.020863,-0.12386,-0.10477,-0.029264,0.10905,0.022486,-0.59093,-0.4522,0.15607,0.38761,-0.11345,-0.28224,-0.60801,-0.2424,-0.099617,0.013936,-0.090939,0.22469,-0.090637,-0.12637,0.10532,-0.023327,0.051074,-0.074961,-0.028719,0.12672,0.16123,0.09443,-0.22408,-0.91007,-1.1936,-1.1936,-0.061558,-1.5659,-0.78403,0.47286,0.73671,0.63356,-0.18407,-1.993,-1.3708,-0.26206,0.59749,0.50957,-0.2946,-1.4682,-0.83584,1.5603,0.78776,-0.018944,0.80488,2.434,-0.42685,-0.27985,0.10196,0.42826,0.72584,1.1693,-0.23627,0.47944,0.86658,0.47832,0.61271,-0.0031362,0.08238,0.56094,2.9235,2.1273,1.8967,1.1562,0.2627,-0.12788,-0.15068,-0.24834,1.2179,1.4428,0.40089,-0.2875,0.90192,0.86606,1.8713,-0.77526,-0.55236,0.24242,3.056,0.65519,0.65345,0.92822,0.83298,1.0459,0.054907,0.46872,1.3399,0.48777,0.71168,1.4159,0.11824,0.69996,0.43341,1.1852,2.1092,1.1535,1.4891
2.496,3.5414,3.751,3.7731,3.3174,2.2823,2.6098,3.4673,3.1849,3.0135,2.8447,2.3052,2.2332,2.4962,2.3684,2.2483,2.4081,2.0417,2.1991,1.562,3.065,2.6834,2.1085,2.1974,1.5805,2.0305,2.1103,1.9216,2.2028,2.5818,2.6372,2.4755,1.7294,1.3658,0.91281,0.70745,1.4597,1.5023,1.7607,1.5493,1.1996,1.2056,1.5091,1.4298,1.3622,1.1045,1.1009,1.117,1.0887,0.84439,0.74682,0.95118,1.3001,1.1772,1.4052,1.4999,1.7743,1.2044,1.1811,0.30387,1.0028,1.0085,1.0013,1.1023,1.0653,0.90581,1.0449,1.0099,0.9828,1.1144,0.72214,0.85203,0.97352,0.77315,0.80109,-0.48228,-0.80593,-0.39461,-0.39461,0.071302,-0.31768,-0.37411,-0.79069,-0.60363,-0.63678,-0.71525,-0.68097,-0.57169,-0.40326,-0.12629,-0.070059,-0.22998,-0.52528,-0.29894,0.31793,-0.045435,-0.13302,0.095283,0.45681,0.38399,-0.12859,-0.048165,-0.17028,-0.41311,-0.26516,-0.503,-0.42964,-0.12519,-0.19206,0.23318,0.19455,-0.093999,-0.032144,0.48787,0.19071,0.035129,-0.15708,-0.22262,-0.057929,0.040226,-0.035544,0.17573,0.049014,-0.20926,-0.069824,0.15391,0.1311,0.24339,-0.4673,-0.46629,-0.43436,0.64893,0.058988,0.29227,0.49624,0.045313,-0.18881,-0.43588,-0.12169,0.23432,0.088335,-0.0077286,0.33686,-0.096588,-0.18332,-0.089151,0.097018,0.21845,0.033934,0.048292,-0.13112,-0.49473,0.21663,0.21663,0.89915,2.6637,2.0167,-0.043537,-0.045104,-0.21878,-0.46445,0.82259,1.0801,-0.25085,-0.5269,-0.33138,-0.54818,0.1041,0.40965,0.75969,-0.047705,0.41859,-0.22019,-1.272,0.90065,0.0318,0.35414,0.5275,-0.16986,-0.98187,-0.87196,-1.3585,-0.86277,-0.81602,0.47475,1.3709,0.49222,-0.40948,-2.5219,-2.611,-2.5915,-1.487,-0.94913,-0.37118,-0.51614,-0.55312,-1.2358,-1.3864,-0.5717,0.35739,-0.53558,-0.82197,-1.4295,1.0225,0.52417,-1.4233,-2.5334,-0.31032,0.49556,1.2803,-0.25757,-1.2243,-0.95454,-0.53023,-1.3207,-0.12982,-0.47439,-0.95279,-0.26476,-1.1687,-0.46179,-0.93373,-1.9257,-1.4081,-1.5814
1.9481,2.4881,3.4647,3.4868,3.8383,3.2965,3.244,2.6549,2.5587,2.2673,1.8972,2.0355,2.2016,1.9676,1.9787,2.0126,1.904,1.5685,2.1049,2.2597,2.9957,2.7597,2.0937,2.0182,2.4148,1.9178,2.2392,2.0151,1.7047,1.8257,1.6982,1.3666,1.1728,0.76573,1.3834,1.5875,1.6119,1.2654,0.98764,0.43453,-0.061052,0.30498,0.81187,1.1863,1.1444,0.7924,0.65873,0.47281,0.59355,0.95326,0.63293,0.6713,0.8287,1.2211,1.201,0.35388,1.1565,1.1083,1.7212,1.4403,0.91935,0.2076,0.088143,0.71554,0.63933,0.92924,0.79994,0.87037,0.75384,0.34666,0.4021,0.48218,0.2291,0.10302,0.058693,0.25708,-0.070352,-0.35519,-0.35519,0.12426,0.12335,-0.12859,-0.72457,-0.30572,-0.40559,-0.37545,0.34609,0.54633,0.23723,0.078976,-0.48214,-0.61613,-0.19285,-0.27659,0.12465,-0.13403,-0.048433,-0.14895,-0.042904,0.10243,-0.25321,-0.10624,-0.05876,-0.34466,-0.6869,-0.41264,-0.23407,-0.014109,-0.35755,0.078737,0.35763,-0.16492,-0.14052,-0.51967,-0.63726,-0.4755,-0.30427,-0.13765,-0.11901,-0.41056,-0.52366,-0.1173,-0.11705,-0.16227,-0.074928,-0.17125,-0.28846,-0.44215,-0.033839,-0.16711,-0.38454,-0.48515,-0.45702,-0.046559,0.30743,-0.00014715,-0.22627,-0.37544,-0.30708,-0.27819,-0.17981,-0.37676,-0.15977,-0.11247,-0.29333,-0.13411,-0.29236,-0.28185,-0.54615,-0.66695,1.6098,1.9659,-0.13779,-0.13779,-0.79323,-1.7816,-1.5256,0.17578,0.64091,0.68116,1.1441,1.2315,1.1559,1.5318,0.93742,-0.49277,-0.22411,0.56075,-0.36496,-1.1463,-0.12949,-0.24942,-0.26828,0.27261,-1.4638,-0.28105,-0.47029,-0.30446,0.30676,0.13841,1.0527,1.7497,1.0849,0.48502,-0.78363,-1.0447,-0.63406,0.19273,0.50684,0.95507,1.5702,1.1927,1.1191,0.24902,-0.38543,-0.42311,0.64972,1.0543,0.66568,-0.3676,-0.11474,-0.017148,0.058437,-0.15559,0.074197,1.5229,0.26523,-0.7217,-1.1732,-1.6579,0.16665,1.1493,1.0754,0.15946,0.29564,-0.40647,-0.26367,-0.040467,0.23299,0.94872,0.37187,0.15497,0.92514,0.24796,0.1509
3.0101,3.4007,3.0406,3.0627,3.566,2.529,2.3526,2.0182,2.5734,2.2023,2.0938,2.9974,3.3259,2.9707,2.5264,1.2841,1.1758,1.656,1.6459,1.8113,2.7969,2.5865,1.8106,2.1116,1.7854,1.5241,1.8979,1.8041,1.5134,1.208,1.8119,2.0073,1.7012,0.65068,1.0703,1.4227,1.1299,1.2213,0.72139,0.2748,0.24856,0.59703,1.2337,1.1918,0.54113,0.057194,0.86629,0.88293,0.76412,0.69453,0.40431,0.37426,0.41577,1.1095,1.071,0.7308,0.80399,0.29039,1.088,0.91873,1.0025,0.55599,0.25041,0.48819,0.50896,0.54619,0.29135,0.69036,0.75786,0.5277,0.45393,0.2673,0.40982,-0.31915,-0.53281,0.25888,-0.050535,-0.40525,-0.40525,-0.37447,-0.36117,-0.34159,-0.035367,-1.1854,-0.19475,0.10019,-0.1036,0.36234,0.49003,0.3419,-0.22414,-0.20541,0.14058,-0.022991,-0.17546,-0.40611,-0.89398,-0.29557,-0.20968,-0.21963,0.027855,-0.14738,0.089925,0.22677,0.00095441,0.39344,0.2838,-0.03609,0.12468,-0.20207,-0.3282,-0.21331,0.026439,-0.14378,0.4093,0.38199,0.041034,-0.031137,-0.40812,-0.38024,-0.03718,-0.037005,-0.071213,-0.2112,-0.38725,-0.14427,0.2658,0.14036,-0.17594,-0.11232,0.21501,-0.30184,-0.12227,-0.27519,-0.19696,-0.15827,0.15934,0.13511,-0.080899,-0.039229,-0.034646,-0.1245,-0.42317,-0.077196,0.084032,-0.14978,-0.081996,0.094079,0.12312,0.090075,-1.6062,-1.9262,0.037685,0.037685,-0.20423,0.81255,1.0996,1.2026,-2.4002,-0.25949,-0.19278,-2.1309,-1.5239,-1.0262,-0.41158,1.0088,1.0456,0.10611,0.87216,0.54603,-0.41467,-1.4417,-0.024969,-0.60616,0.81964,0.84319,0.388,0.60183,0.83609,1.2373,0.55948,-0.71392,-1.1289,0.47945,0.22202,-0.32691,0.53727,0.14118,0.24494,1.138,0.14477,-0.50205,-0.90603,-0.82725,0.44607,1.3961,-0.48914,-0.96266,-0.76356,-0.25705,0.1687,1.1257,1.1066,-0.12861,0.035378,-0.32381,0.10138,1.3912,0.71595,0.64913,-0.4829,-0.37811,-0.054302,0.2929,0.18228,0.6968,0.76818,-0.48634,-0.16243,-0.194,-0.40321,0.26576,-0.17329,1.0906,1.3631
2.4659,2.3871,2.6542,2.6763,3.0894,2.5741,2.5608,2.5841,0.188,1.8778,2.0976,1.8283,2.9263,2.9476,2.6625,1.5643,1.4932,1.8496,2.059,1.9088,2.1834,0.97172,1.5026,1.5989,1.9756,1.9736,1.9445,2.1949,2.1583,1.8276,2.4851,1.9342,1.1007,1.0151,0.97922,0.93105,1.1852,1.3183,0.70008,1.2531,0.70293,0.38704,0.74959,0.37002,0.38393,0.71804,0.58472,0.33039,0.17114,0.17875,0.34439,1.2029,1.1094,0.86927,0.97637,0.7839,0.55283,0.86372,1.1708,1.0463,0.6028,0.52627,0.35837,0.55374,0.56087,0.85995,0.55094,0.024026,0.59944,0.51473,0.10254,0.31819,0.41726,0.34925,0.23884,-1.5051,-1.7004,-1.5203,-1.5313,-1.783,-1.2645,-1.1763,-1.0091,-1.2867,-1.1012,-1.0469,-1.4987,-1.6629,-1.4853,-1.2632,-0.64203,-0.58792,-0.82801,-0.82294,-0.90563,-1.3984,-1.2933,-0.90532,-1.0558,-0.89269,-0.76205,-0.94893,-0.90205,-0.75672,-0.60401,-0.90596,-1.0037,-0.8506,-0.32534,-0.53514,-0.71135,-0.56495,-0.61063,-0.36069,-0.1374,-0.12428,-0.29852,-0.61687,-0.59588,-0.27057,-0.028597,-0.43315,-0.44146,-0.38206,-0.34726,-0.20216,-0.18713,-0.20788,-0.55475,-0.5355,-0.3654,-0.40199,-0.1452,-0.54401,-0.45936,-0.50126,-0.278,-0.1252,-0.24409,-0.25448,-0.2731,-0.14567,-0.34518,-0.37893,-0.26385,-0.22696,-0.13365,-0.20491,0.15957,0.2664,-1.9216,-1.3734,-2.2678,-2.2899,-2.6128,-2.6192,-2.769,-3.1501,2.1974,-1.5533,-2.1014,-0.65925,-2.5267,-2.9246,-2.7986,-1.8446,-1.8106,-2.0433,-2.4721,-2.0064,-1.57,0.64309,-1.1945,-1.0861,-2.1658,-2.423,-1.9911,-2.5858,-2.8031,-2.4472,-3.1583,-1.861,-0.50013,-1.3795,-0.88816,-0.4394,-1.2406,-1.4153,-0.67877,-2.2314,-1.1573,-0.17706,-0.26544,0.45172,-0.22672,-1.3789,-0.30314,0.22216,0.42185,0.33703,-0.28447,-2.0315,-1.8031,-0.62903,-0.88173,-0.837,-0.30168,-1.437,-1.2536,-1.1739,-0.20308,-0.49656,-0.46633,-0.61929,-0.61278,-1.1737,-0.81053,0.64231,-0.44103,-0.50176,0.24884,-0.36908,-0.42469,-1.0177,-1.0105
